#Pvalue	score_theor	score_CRP_binding_sites	NWD_CRP_binding_sites_vs_theor
1.0e+00	-21.4	-21.9	-0.0227272727272727
9.9e-01	-19.7	-19.6	0.00454545454545445
9.8e-01	-18.7	-18.6	0.00454545454545445
9.7e-01	-18	-17.9	0.00454545454545461
9.6e-01	-17.4	-17.3	0.00454545454545445
9.5e-01	-16.9	-16.9	0
9.4e-01	-16.5	-16.5	0
9.3e-01	-16.1	-16.1	0
9.2e-01	-15.8	-15.8	0
9.1e-01	-15.5	-15.5	0
9.0e-01	-15.2	-15.3	-0.00454545454545461
8.9e-01	-14.9	-15	-0.00454545454545453
8.8e-01	-14.7	-14.8	-0.00454545454545461
8.7e-01	-14.4	-14.6	-0.00909090909090906
8.6e-01	-14.2	-14.4	-0.00909090909090914
8.5e-01	-14	-14.2	-0.00909090909090906
8.4e-01	-13.8	-14	-0.00909090909090906
8.3e-01	-13.6	-13.8	-0.00909090909090914
8.2e-01	-13.4	-13.6	-0.00909090909090906
8.1e-01	-13.2	-13.4	-0.00909090909090914
8.0e-01	-13.1	-13.3	-0.00909090909090914
7.9e-01	-12.9	-13.1	-0.00909090909090906
7.8e-01	-12.7	-13	-0.0136363636363637
7.7e-01	-12.6	-12.8	-0.00909090909090914
7.6e-01	-12.4	-12.7	-0.0136363636363636
7.5e-01	-12.3	-12.5	-0.00909090909090906
7.4e-01	-12.1	-12.4	-0.0136363636363637
7.3e-01	-12	-12.3	-0.0136363636363637
7.2e-01	-11.8	-12.1	-0.0136363636363636
7.1e-01	-11.7	-12	-0.0136363636363637
7.0e-01	-11.5	-11.9	-0.0181818181818182
6.9e-01	-11.4	-11.7	-0.0136363636363636
6.8e-01	-11.3	-11.6	-0.0136363636363636
6.7e-01	-11.1	-11.5	-0.0181818181818182
6.6e-01	-11	-11.3	-0.0136363636363637
6.5e-01	-10.9	-11.2	-0.0136363636363636
6.4e-01	-10.8	-11.1	-0.0136363636363636
6.3e-01	-10.6	-10.9	-0.0136363636363637
6.2e-01	-10.5	-10.8	-0.0136363636363637
6.1e-01	-10.4	-10.6	-0.00909090909090906
6.0e-01	-10.3	-10.5	-0.00909090909090906
5.9e-01	-10.1	-10.4	-0.0136363636363637
5.8e-01	-10	-10.3	-0.0136363636363637
5.7e-01	-9.9	-10.2	-0.0136363636363636
5.6e-01	-9.8	-10.1	-0.0136363636363636
5.5e-01	-9.7	-10	-0.0136363636363637
5.4e-01	-9.5	-9.8	-0.0136363636363637
5.3e-01	-9.4	-9.7	-0.0136363636363636
5.2e-01	-9.3	-9.6	-0.0136363636363636
5.1e-01	-9.2	-9.5	-0.0136363636363637
5.0e-01	-9.1	-9.3	-0.00909090909090914
4.9e-01	-8.9	-9.2	-0.0136363636363636
4.8e-01	-8.8	-9.1	-0.0136363636363636
4.7e-01	-8.7	-8.9	-0.00909090909090914
4.6e-01	-8.6	-8.8	-0.00909090909090914
4.5e-01	-8.5	-8.7	-0.00909090909090906
4.4e-01	-8.4	-8.6	-0.00909090909090906
4.3e-01	-8.2	-8.5	-0.0136363636363637
4.2e-01	-8.1	-8.3	-0.00909090909090914
4.1e-01	-8	-8.2	-0.00909090909090906
4.0e-01	-7.9	-8.1	-0.00909090909090906
3.9e-01	-7.8	-7.9	-0.00454545454545457
3.8e-01	-7.6	-7.8	-0.0090909090909091
3.7e-01	-7.5	-7.6	-0.00454545454545453
3.6e-01	-7.4	-7.5	-0.00454545454545453
3.5e-01	-7.3	-7.3	0
3.4e-01	-7.1	-7.2	-0.00454545454545457
3.3e-01	-7	-7.1	-0.00454545454545453
3.2e-01	-6.9	-6.9	0
3.1e-01	-6.8	-6.7	0.00454545454545453
3.0e-01	-6.6	-6.5	0.00454545454545453
2.9e-01	-6.5	-6.4	0.00454545454545453
2.8e-01	-6.3	-6.2	0.00454545454545453
2.7e-01	-6.2	-6.1	0.00454545454545457
2.6e-01	-6.1	-5.9	0.00909090909090906
2.5e-01	-5.9	-5.7	0.0090909090909091
2.4e-01	-5.8	-5.5	0.0136363636363636
2.3e-01	-5.6	-5.3	0.0136363636363636
2.2e-01	-5.5	-5.1	0.0181818181818182
2.1e-01	-5.3	-4.9	0.0181818181818182
2.0e-01	-5.2	-4.7	0.0227272727272727
1.9e-01	-5	-4.5	0.0227272727272727
1.8e-01	-4.8	-4.3	0.0227272727272727
1.7e-01	-4.6	-4	0.0272727272727273
1.6e-01	-4.5	-3.8	0.0318181818181818
1.5e-01	-4.2	-3.5	0.0318181818181818
1.4e-01	-4	-3.1	0.0409090909090909
1.3e-01	-3.8	-2.9	0.0409090909090909
1.2e-01	-3.6	-2.6	0.0454545454545455
1.1e-01	-3.4	-2.1	0.0590909090909091
1.0e-01	-3.2	-1.9	0.0590909090909091
9.6e-02	-3.1	-1.7	0.0636363636363636
8.9e-02	-2.9	-1.4	0.0681818181818182
8.5e-02	-2.8	-1.2	0.0727272727272727
7.9e-02	-2.6	-0.9	0.0772727272727273
7.5e-02	-2.5	-0.7	0.0818181818181818
6.6e-02	-2.2	-0.1	0.0954545454545455
6.3e-02	-2.1	0.1	0.1
6.1e-02	-2	0.3	0.104545454545455
5.8e-02	-1.9	0.5	0.109090909090909
5.3e-02	-1.7	1	0.122727272727273
5.1e-02	-1.6	1.2	0.127272727272727
4.8e-02	-1.5	1.6	0.140909090909091
4.6e-02	-1.4	1.8	0.145454545454545
4.4e-02	-1.3	2.1	0.154545454545455
4.2e-02	-1.2	2.4	0.163636363636364
4.0e-02	-1.1	2.8	0.177272727272727
3.8e-02	-1	3.2	0.190909090909091
3.6e-02	-0.9	3.7	0.209090909090909
3.4e-02	-0.8	4.2	0.227272727272727
3.3e-02	-0.7	4.4	0.231818181818182
3.1e-02	-0.6	4.9	0.25
2.9e-02	-0.5	5.3	0.263636363636364
2.8e-02	-0.4	5.5	0.268181818181818
2.7e-02	-0.3	5.7	0.272727272727273
2.5e-02	-0.2	6	0.281818181818182
2.4e-02	-0.1	6.2	0.286363636363636
2.3e-02	0	6.6	0.3
2.1e-02	0.1	6.8	0.304545454545455
2.0e-02	0.2	6.9	0.304545454545455
1.9e-02	0.3	7.2	0.313636363636364
1.8e-02	0.4	7.3	0.313636363636364
1.7e-02	0.5	7.5	0.318181818181818
1.5e-02	0.7	7.7	0.318181818181818
1.4e-02	0.9	7.9	0.318181818181818
1.3e-02	1	8.2	0.327272727272727
1.2e-02	1.1	8.4	0.331818181818182
1.1e-02	1.3	8.6	0.331818181818182
1.0e-02	1.4	8.7	0.331818181818182
7.8e-03	1.8	9.3	0.340909090909091
6.8e-03	2	9.5	0.340909090909091
4.0e-03	2.8	10.5	0.35
3.0e-03	3.2	11.1	0.359090909090909
2.6e-03	3.4	11.2	0.354545454545454
2.2e-03	3.6	11.6	0.363636363636364
1.4e-03	4.2	11.7	0.340909090909091
1.2e-03	4.4	11.8	0.336363636363636
1.1e-03	4.5	11.9	0.336363636363636
6.2e-04	5.2	12.5	0.331818181818182
3.1e-04	6	12.9	0.313636363636364
