#score	occ	co	cco	dCDF
-26.9	1	1	6425	0.999844
-26.8	0	1	6425	0.999844
-26.7	0	1	6425	0.999844
-26.6	0	1	6425	0.999844
-26.5	0	1	6425	0.999844
-26.4	0	1	6425	0.999844
-26.3	0	1	6425	0.999844
-26.2	0	1	6425	0.999844
-26.1	0	1	6425	0.999844
-26	0	1	6425	0.999844
-25.9	1	2	6424	0.999689
-25.8	0	2	6424	0.999689
-25.7	0	2	6424	0.999689
-25.6	0	2	6424	0.999689
-25.5	0	2	6424	0.999689
-25.4	0	2	6424	0.999689
-25.3	0	2	6424	0.999689
-25.2	0	2	6424	0.999689
-25.1	1	3	6423	0.999533
-25	0	3	6423	0.999533
-24.9	0	3	6423	0.999533
-24.8	0	3	6423	0.999533
-24.7	0	3	6423	0.999533
-24.6	0	3	6423	0.999533
-24.5	0	3	6423	0.999533
-24.4	0	3	6423	0.999533
-24.3	2	5	6421	0.999222
-24.2	0	5	6421	0.999222
-24.1	0	5	6421	0.999222
-24	0	5	6421	0.999222
-23.9	0	5	6421	0.999222
-23.8	3	8	6418	0.998755
-23.7	0	8	6418	0.998755
-23.6	0	8	6418	0.998755
-23.5	0	8	6418	0.998755
-23.4	1	9	6417	0.998599
-23.3	0	9	6417	0.998599
-23.2	1	10	6416	0.998444
-23.1	0	10	6416	0.998444
-23	2	12	6414	0.998133
-22.9	3	15	6411	0.997666
-22.8	2	17	6409	0.997354
-22.7	4	21	6405	0.996732
-22.6	0	21	6405	0.996732
-22.5	2	23	6403	0.996421
-22.4	0	23	6403	0.996421
-22.3	4	27	6399	0.995798
-22.2	1	28	6398	0.995643
-22.1	1	29	6397	0.995487
-22	1	30	6396	0.995331
-21.9	2	32	6394	0.99502
-21.8	3	35	6391	0.994553
-21.7	1	36	6390	0.994398
-21.6	0	36	6390	0.994398
-21.5	3	39	6387	0.993931
-21.4	2	41	6385	0.99362
-21.3	2	43	6383	0.993308
-21.2	0	43	6383	0.993308
-21.1	5	48	6378	0.99253
-21	0	48	6378	0.99253
-20.9	0	48	6378	0.99253
-20.8	4	52	6374	0.991908
-20.7	2	54	6372	0.991597
-20.6	1	55	6371	0.991441
-20.5	3	58	6368	0.990974
-20.4	1	59	6367	0.990819
-20.3	3	62	6364	0.990352
-20.2	6	68	6358	0.989418
-20.1	6	74	6352	0.988484
-20	1	75	6351	0.988329
-19.9	4	79	6347	0.987706
-19.8	5	84	6342	0.986928
-19.7	5	89	6337	0.98615
-19.6	7	96	6330	0.985061
-19.5	6	102	6324	0.984127
-19.4	4	106	6320	0.983505
-19.3	2	108	6318	0.983193
-19.2	10	118	6308	0.981637
-19.1	3	121	6305	0.98117
-19	6	127	6299	0.980237
-18.9	7	134	6292	0.979147
-18.8	12	146	6280	0.97728
-18.7	8	154	6272	0.976035
-18.6	5	159	6267	0.975257
-18.5	9	168	6258	0.973856
-18.4	6	174	6252	0.972923
-18.3	5	179	6247	0.972144
-18.2	10	189	6237	0.970588
-18.1	11	200	6226	0.968876
-18	14	214	6212	0.966698
-17.9	9	223	6203	0.965297
-17.8	7	230	6196	0.964208
-17.7	13	243	6183	0.962185
-17.6	4	247	6179	0.961562
-17.5	9	256	6170	0.960162
-17.4	14	270	6156	0.957983
-17.3	15	285	6141	0.955649
-17.2	18	303	6123	0.952848
-17.1	12	315	6111	0.95098
-17	14	329	6097	0.948802
-16.9	19	348	6078	0.945845
-16.8	10	358	6068	0.944289
-16.7	9	367	6059	0.942888
-16.6	15	382	6044	0.940554
-16.5	15	397	6029	0.93822
-16.4	23	420	6006	0.934641
-16.3	13	433	5993	0.932617
-16.2	22	455	5971	0.929194
-16.1	14	469	5957	0.927015
-16	19	488	5938	0.924059
-15.9	25	513	5913	0.920168
-15.8	20	533	5893	0.917056
-15.7	22	555	5871	0.913632
-15.6	16	571	5855	0.911142
-15.5	25	596	5830	0.907252
-15.4	26	622	5804	0.903206
-15.3	21	643	5783	0.899938
-15.2	38	681	5745	0.894024
-15.1	27	708	5718	0.889823
-15	22	730	5696	0.886399
-14.9	34	764	5662	0.881108
-14.8	33	797	5629	0.875973
-14.7	32	829	5597	0.870993
-14.6	29	858	5568	0.86648
-14.5	27	885	5541	0.862278
-14.4	22	907	5519	0.858855
-14.3	34	941	5485	0.853564
-14.2	29	970	5456	0.849051
-14.1	37	1007	5419	0.843293
-14	36	1043	5383	0.837691
-13.9	25	1068	5358	0.8338
-13.8	32	1100	5326	0.82882
-13.7	33	1133	5293	0.823685
-13.6	47	1180	5246	0.816371
-13.5	41	1221	5205	0.809991
-13.4	26	1247	5179	0.805945
-13.3	43	1290	5136	0.799253
-13.2	42	1332	5094	0.792717
-13.1	35	1367	5059	0.78727
-13	34	1401	5025	0.781979
-12.9	49	1450	4976	0.774354
-12.8	45	1495	4931	0.767351
-12.7	45	1540	4886	0.760349
-12.6	41	1581	4845	0.753968
-12.5	45	1626	4800	0.746965
-12.4	46	1672	4754	0.739807
-12.3	55	1727	4699	0.731248
-12.2	45	1772	4654	0.724245
-12.1	40	1812	4614	0.718021
-12	45	1857	4569	0.711018
-11.9	64	1921	4505	0.701058
-11.8	49	1970	4456	0.693433
-11.7	42	2012	4414	0.686897
-11.6	43	2055	4371	0.680205
-11.5	42	2097	4329	0.673669
-11.4	58	2155	4271	0.664644
-11.3	53	2208	4218	0.656396
-11.2	46	2254	4172	0.649237
-11.1	48	2302	4124	0.641768
-11	44	2346	4080	0.634921
-10.9	50	2396	4030	0.62714
-10.8	47	2443	3983	0.619826
-10.7	41	2484	3942	0.613445
-10.6	54	2538	3888	0.605042
-10.5	45	2583	3843	0.598039
-10.4	56	2639	3787	0.589325
-10.3	64	2703	3723	0.579365
-10.2	51	2754	3672	0.571429
-10.1	54	2808	3618	0.563025
-10	62	2870	3556	0.553377
-9.9	66	2936	3490	0.543106
-9.8	46	2982	3444	0.535948
-9.7	51	3033	3393	0.528011
-9.6	37	3070	3356	0.522253
-9.5	47	3117	3309	0.514939
-9.4	68	3185	3241	0.504357
-9.3	52	3237	3189	0.496265
-9.2	53	3290	3136	0.488017
-9.1	47	3337	3089	0.480703
-9	46	3383	3043	0.473545
-8.9	50	3433	2993	0.465764
-8.8	63	3496	2930	0.45596
-8.7	52	3548	2878	0.447868
-8.6	52	3600	2826	0.439776
-8.5	40	3640	2786	0.433551
-8.4	58	3698	2728	0.424525
-8.3	58	3756	2670	0.4155
-8.2	52	3808	2618	0.407407
-8.1	52	3860	2566	0.399315
-8	42	3902	2524	0.392779
-7.9	37	3939	2487	0.387021
-7.8	45	3984	2442	0.380019
-7.7	45	4029	2397	0.373016
-7.6	39	4068	2358	0.366947
-7.5	44	4112	2314	0.3601
-7.4	45	4157	2269	0.353097
-7.3	44	4201	2225	0.34625
-7.2	49	4250	2176	0.338624
-7.1	59	4309	2117	0.329443
-7	40	4349	2077	0.323218
-6.9	44	4393	2033	0.316371
-6.8	28	4421	2005	0.312014
-6.7	31	4452	1974	0.30719
-6.6	34	4486	1940	0.301899
-6.5	33	4519	1907	0.296763
-6.4	51	4570	1856	0.288827
-6.3	25	4595	1831	0.284936
-6.2	41	4636	1790	0.278556
-6.1	51	4687	1739	0.270619
-6	44	4731	1695	0.263772
-5.9	37	4768	1658	0.258014
-5.8	43	4811	1615	0.251323
-5.7	39	4850	1576	0.245254
-5.6	29	4879	1547	0.240741
-5.5	27	4906	1520	0.236539
-5.4	35	4941	1485	0.231092
-5.3	24	4965	1461	0.227358
-5.2	36	5001	1425	0.221755
-5.1	31	5032	1394	0.216931
-5	25	5057	1369	0.213041
-4.9	27	5084	1342	0.208839
-4.8	30	5114	1312	0.204171
-4.7	39	5153	1273	0.198101
-4.6	24	5177	1249	0.194367
-4.5	33	5210	1216	0.189231
-4.4	32	5242	1184	0.184251
-4.3	29	5271	1155	0.179739
-4.2	32	5303	1123	0.174759
-4.1	29	5332	1094	0.170246
-4	28	5360	1066	0.165889
-3.9	31	5391	1035	0.161064
-3.8	22	5413	1013	0.157641
-3.7	18	5431	995	0.15484
-3.6	22	5453	973	0.151416
-3.5	27	5480	946	0.147214
-3.4	17	5497	929	0.144569
-3.3	21	5518	908	0.141301
-3.2	20	5538	888	0.138189
-3.1	19	5557	869	0.135232
-3	24	5581	845	0.131497
-2.9	28	5609	817	0.12714
-2.8	18	5627	799	0.124339
-2.7	18	5645	781	0.121538
-2.6	24	5669	757	0.117803
-2.5	20	5689	737	0.11469
-2.4	15	5704	722	0.112356
-2.3	13	5717	709	0.110333
-2.2	9	5726	700	0.108932
-2.1	17	5743	683	0.106287
-2	16	5759	667	0.103797
-1.9	16	5775	651	0.101307
-1.8	12	5787	639	0.0994398
-1.7	19	5806	620	0.096483
-1.6	16	5822	604	0.0939932
-1.5	12	5834	592	0.0921257
-1.4	19	5853	573	0.089169
-1.3	12	5865	561	0.0873016
-1.2	12	5877	549	0.0854342
-1.1	17	5894	532	0.0827887
-1	12	5906	520	0.0809213
-0.9	10	5916	510	0.0793651
-0.8	16	5932	494	0.0768752
-0.7	15	5947	479	0.0745409
-0.6	11	5958	468	0.0728291
-0.5	11	5969	457	0.0711173
-0.4	9	5978	448	0.0697168
-0.3	11	5989	437	0.068005
-0.2	3	5992	434	0.0675381
-0.1	8	6000	426	0.0662932
0	10	6010	416	0.064737
0.1	8	6018	408	0.0634921
0.2	11	6029	397	0.0617803
0.3	7	6036	390	0.0606909
0.4	8	6044	382	0.059446
0.5	10	6054	372	0.0578898
0.6	6	6060	366	0.0569561
0.7	4	6064	362	0.0563336
0.8	4	6068	358	0.0557112
0.9	12	6080	346	0.0538438
1	8	6088	338	0.0525988
1.1	5	6093	333	0.0518207
1.2	7	6100	326	0.0507314
1.3	6	6106	320	0.0497977
1.4	4	6110	316	0.0491752
1.5	8	6118	308	0.0479303
1.6	2	6120	306	0.047619
1.7	3	6123	303	0.0471522
1.8	7	6130	296	0.0460629
1.9	5	6135	291	0.0452848
2	5	6140	286	0.0445067
2.1	6	6146	280	0.043573
2.2	4	6150	276	0.0429505
2.3	4	6154	272	0.042328
2.4	2	6156	270	0.0420168
2.5	4	6160	266	0.0413943
2.6	5	6165	261	0.0406162
2.7	2	6167	259	0.040305
2.8	5	6172	254	0.0395269
2.9	4	6176	250	0.0389045
3	3	6179	247	0.0384376
3.1	3	6182	244	0.0379707
3.2	3	6185	241	0.0375039
3.3	4	6189	237	0.0368814
3.4	3	6192	234	0.0364146
3.5	2	6194	232	0.0361033
3.6	1	6195	231	0.0359477
3.7	0	6195	231	0.0359477
3.8	3	6198	228	0.0354809
3.9	1	6199	227	0.0353252
4	5	6204	222	0.0345472
4.1	3	6207	219	0.0340803
4.2	3	6210	216	0.0336134
4.3	5	6215	211	0.0328354
4.4	1	6216	210	0.0326797
4.5	4	6220	206	0.0320573
4.6	1	6221	205	0.0319016
4.7	3	6224	202	0.0314348
4.8	2	6226	200	0.0311236
4.9	3	6229	197	0.0306567
5	4	6233	193	0.0300342
5.1	2	6235	191	0.029723
5.2	3	6238	188	0.0292561
5.3	3	6241	185	0.0287893
5.4	4	6245	181	0.0281668
5.5	4	6249	177	0.0275444
5.6	2	6251	175	0.0272331
5.7	3	6254	172	0.0267663
5.8	5	6259	167	0.0259882
5.9	4	6263	163	0.0253657
6	4	6267	159	0.0247432
6.1	2	6269	157	0.024432
6.2	4	6273	153	0.0238095
6.3	4	6277	149	0.0231871
6.4	0	6277	149	0.0231871
6.5	2	6279	147	0.0228758
6.6	2	6281	145	0.0225646
6.7	3	6284	142	0.0220977
6.8	6	6290	136	0.021164
6.9	5	6295	131	0.0203859
7	6	6301	125	0.0194522
7.1	3	6304	122	0.0189854
7.2	1	6305	121	0.0188298
7.3	3	6308	118	0.0183629
7.4	7	6315	111	0.0172736
7.5	4	6319	107	0.0166511
7.6	8	6327	99	0.0154062
7.7	5	6332	94	0.0146281
7.8	3	6335	91	0.0141612
7.9	3	6338	88	0.0136944
8	3	6341	85	0.0132275
8.1	2	6343	83	0.0129163
8.2	2	6345	81	0.012605
8.3	1	6346	80	0.0124494
8.4	5	6351	75	0.0116713
8.5	3	6354	72	0.0112045
8.6	2	6356	70	0.0108932
8.7	3	6359	67	0.0104264
8.8	4	6363	63	0.00980392
8.9	3	6366	60	0.00933707
9	2	6368	58	0.00902583
9.1	3	6371	55	0.00855898
9.2	4	6375	51	0.00793651
9.3	1	6376	50	0.00778089
9.4	1	6377	49	0.00762527
9.5	5	6382	44	0.00684718
9.6	2	6384	42	0.00653595
9.7	3	6387	39	0.00606909
9.8	2	6389	37	0.00575786
9.9	2	6391	35	0.00544662
10	0	6391	35	0.00544662
10.1	2	6393	33	0.00513539
10.2	3	6396	30	0.00466853
10.3	1	6397	29	0.00451292
10.4	3	6400	26	0.00404606
10.5	0	6400	26	0.00404606
10.6	3	6403	23	0.00357921
10.7	0	6403	23	0.00357921
10.8	0	6403	23	0.00357921
10.9	1	6404	22	0.00342359
11	2	6406	20	0.00311236
11.1	1	6407	19	0.00295674
11.2	2	6409	17	0.0026455
11.3	1	6410	16	0.00248988
11.4	1	6411	15	0.00233427
11.5	1	6412	14	0.00217865
11.6	0	6412	14	0.00217865
11.7	5	6417	9	0.00140056
11.8	1	6418	8	0.00124494
11.9	1	6419	7	0.00108932
12	1	6420	6	0.000933707
12.1	1	6421	5	0.000778089
12.2	1	6422	4	0.000622471
12.3	0	6422	4	0.000622471
12.4	0	6422	4	0.000622471
12.5	0	6422	4	0.000622471
12.6	1	6423	3	0.000466853
12.7	0	6423	3	0.000466853
12.8	1	6424	2	0.000311236
12.9	0	6424	2	0.000311236
13	2	6426	0	0
