#score	occ	co	cco	dCDF
-25.9	1	1	14401	0.999931
-25.8	0	1	14401	0.999931
-25.7	0	1	14401	0.999931
-25.6	1	2	14400	0.999861
-25.5	0	2	14400	0.999861
-25.4	0	2	14400	0.999861
-25.3	0	2	14400	0.999861
-25.2	0	2	14400	0.999861
-25.1	0	2	14400	0.999861
-25	0	2	14400	0.999861
-24.9	0	2	14400	0.999861
-24.8	0	2	14400	0.999861
-24.7	1	3	14399	0.999792
-24.6	1	4	14398	0.999722
-24.5	1	5	14397	0.999653
-24.4	3	8	14394	0.999445
-24.3	2	10	14392	0.999306
-24.2	0	10	14392	0.999306
-24.1	2	12	14390	0.999167
-24	2	14	14388	0.999028
-23.9	2	16	14386	0.998889
-23.8	0	16	14386	0.998889
-23.7	1	17	14385	0.99882
-23.6	2	19	14383	0.998681
-23.5	3	22	14380	0.998472
-23.4	1	23	14379	0.998403
-23.3	2	25	14377	0.998264
-23.2	0	25	14377	0.998264
-23.1	8	33	14369	0.997709
-23	3	36	14366	0.9975
-22.9	4	40	14362	0.997223
-22.8	2	42	14360	0.997084
-22.7	2	44	14358	0.996945
-22.6	3	47	14355	0.996737
-22.5	4	51	14351	0.996459
-22.4	6	57	14345	0.996042
-22.3	3	60	14342	0.995834
-22.2	11	71	14331	0.99507
-22.1	5	76	14326	0.994723
-22	7	83	14319	0.994237
-21.9	4	87	14315	0.993959
-21.8	3	90	14312	0.993751
-21.7	7	97	14305	0.993265
-21.6	5	102	14300	0.992918
-21.5	5	107	14295	0.99257
-21.4	6	113	14289	0.992154
-21.3	10	123	14279	0.99146
-21.2	8	131	14271	0.990904
-21.1	7	138	14264	0.990418
-21	10	148	14254	0.989724
-20.9	6	154	14248	0.989307
-20.8	5	159	14243	0.98896
-20.7	11	170	14232	0.988196
-20.6	8	178	14224	0.987641
-20.5	15	193	14209	0.986599
-20.4	8	201	14201	0.986044
-20.3	11	212	14190	0.98528
-20.2	11	223	14179	0.984516
-20.1	16	239	14163	0.983405
-20	17	256	14146	0.982225
-19.9	14	270	14132	0.981253
-19.8	20	290	14112	0.979864
-19.7	13	303	14099	0.978961
-19.6	13	316	14086	0.978059
-19.5	18	334	14068	0.976809
-19.4	17	351	14051	0.975628
-19.3	18	369	14033	0.974379
-19.2	18	387	14015	0.973129
-19.1	19	406	13996	0.971809
-19	28	434	13968	0.969865
-18.9	14	448	13954	0.968893
-18.8	18	466	13936	0.967643
-18.7	28	494	13908	0.965699
-18.6	22	516	13886	0.964172
-18.5	22	538	13864	0.962644
-18.4	27	565	13837	0.960769
-18.3	30	595	13807	0.958686
-18.2	22	617	13785	0.957159
-18.1	29	646	13756	0.955145
-18	36	682	13720	0.952645
-17.9	32	714	13688	0.950424
-17.8	40	754	13648	0.947646
-17.7	30	784	13618	0.945563
-17.6	28	812	13590	0.943619
-17.5	39	851	13551	0.940911
-17.4	35	886	13516	0.938481
-17.3	35	921	13481	0.936051
-17.2	38	959	13443	0.933412
-17.1	39	998	13404	0.930704
-17	31	1029	13373	0.928552
-16.9	31	1060	13342	0.926399
-16.8	48	1108	13294	0.923066
-16.7	36	1144	13258	0.920567
-16.6	46	1190	13212	0.917373
-16.5	47	1237	13165	0.914109
-16.4	44	1281	13121	0.911054
-16.3	48	1329	13073	0.907721
-16.2	38	1367	13035	0.905083
-16.1	49	1416	12986	0.90168
-16	42	1458	12944	0.898764
-15.9	68	1526	12876	0.894042
-15.8	37	1563	12839	0.891473
-15.7	54	1617	12785	0.887724
-15.6	51	1668	12734	0.884183
-15.5	60	1728	12674	0.880017
-15.4	55	1783	12619	0.876198
-15.3	47	1830	12572	0.872934
-15.2	48	1878	12524	0.869601
-15.1	66	1944	12458	0.865019
-15	72	2016	12386	0.860019
-14.9	60	2076	12326	0.855853
-14.8	86	2162	12240	0.849882
-14.7	63	2225	12177	0.845508
-14.6	78	2303	12099	0.840092
-14.5	74	2377	12025	0.834953
-14.4	74	2451	11951	0.829815
-14.3	84	2535	11867	0.823983
-14.2	83	2618	11784	0.81822
-14.1	63	2681	11721	0.813845
-14	68	2749	11653	0.809124
-13.9	72	2821	11581	0.804124
-13.8	88	2909	11493	0.798014
-13.7	74	2983	11419	0.792876
-13.6	77	3060	11342	0.78753
-13.5	87	3147	11255	0.781489
-13.4	82	3229	11173	0.775795
-13.3	88	3317	11085	0.769685
-13.2	105	3422	10980	0.762394
-13.1	79	3501	10901	0.756909
-13	112	3613	10789	0.749132
-12.9	89	3702	10700	0.742952
-12.8	90	3792	10610	0.736703
-12.7	93	3885	10517	0.730246
-12.6	105	3990	10412	0.722955
-12.5	112	4102	10300	0.715178
-12.4	79	4181	10221	0.709693
-12.3	104	4285	10117	0.702472
-12.2	85	4370	10032	0.69657
-12.1	91	4461	9941	0.690251
-12	111	4572	9830	0.682544
-11.9	111	4683	9719	0.674837
-11.8	99	4782	9620	0.667963
-11.7	91	4873	9529	0.661644
-11.6	111	4984	9418	0.653937
-11.5	113	5097	9305	0.646091
-11.4	107	5204	9198	0.638661
-11.3	111	5315	9087	0.630954
-11.2	113	5428	8974	0.623108
-11.1	120	5548	8854	0.614776
-11	116	5664	8738	0.606721
-10.9	116	5780	8622	0.598667
-10.8	132	5912	8490	0.589501
-10.7	113	6025	8377	0.581655
-10.6	113	6138	8264	0.573809
-10.5	121	6259	8143	0.565408
-10.4	115	6374	8028	0.557423
-10.3	118	6492	7910	0.549229
-10.2	133	6625	7777	0.539994
-10.1	110	6735	7667	0.532357
-10	108	6843	7559	0.524858
-9.9	103	6946	7456	0.517706
-9.8	112	7058	7344	0.509929
-9.7	111	7169	7233	0.502222
-9.6	131	7300	7102	0.493126
-9.5	137	7437	6965	0.483613
-9.4	109	7546	6856	0.476045
-9.3	104	7650	6752	0.468824
-9.2	123	7773	6629	0.460283
-9.1	106	7879	6523	0.452923
-9	130	8009	6393	0.443897
-8.9	116	8125	6277	0.435842
-8.8	98	8223	6179	0.429038
-8.7	121	8344	6058	0.420636
-8.6	136	8480	5922	0.411193
-8.5	104	8584	5818	0.403972
-8.4	118	8702	5700	0.395778
-8.3	106	8808	5594	0.388418
-8.2	114	8922	5480	0.380503
-8.1	117	9039	5363	0.372379
-8	131	9170	5232	0.363283
-7.9	123	9293	5109	0.354742
-7.8	108	9401	5001	0.347243
-7.7	98	9499	4903	0.340439
-7.6	103	9602	4800	0.333287
-7.5	132	9734	4668	0.324122
-7.4	99	9833	4569	0.317248
-7.3	124	9957	4445	0.308638
-7.2	117	10074	4328	0.300514
-7.1	113	10187	4215	0.292668
-7	106	10293	4109	0.285308
-6.9	92	10385	4017	0.27892
-6.8	91	10476	3926	0.272601
-6.7	109	10585	3817	0.265033
-6.6	115	10700	3702	0.257048
-6.5	103	10803	3599	0.249896
-6.4	87	10890	3512	0.243855
-6.3	84	10974	3428	0.238022
-6.2	99	11073	3329	0.231148
-6.1	79	11152	3250	0.225663
-6	82	11234	3168	0.219969
-5.9	93	11327	3075	0.213512
-5.8	115	11442	2960	0.205527
-5.7	84	11526	2876	0.199694
-5.6	87	11613	2789	0.193654
-5.5	91	11704	2698	0.187335
-5.4	71	11775	2627	0.182405
-5.3	75	11850	2552	0.177198
-5.2	94	11944	2458	0.170671
-5.1	71	12015	2387	0.165741
-5	64	12079	2323	0.161297
-4.9	86	12165	2237	0.155326
-4.8	74	12239	2163	0.150187
-4.7	78	12317	2085	0.144772
-4.6	67	12384	2018	0.140119
-4.5	65	12449	1953	0.135606
-4.4	82	12531	1871	0.129913
-4.3	57	12588	1814	0.125955
-4.2	58	12646	1756	0.121928
-4.1	55	12701	1701	0.118109
-4	57	12758	1644	0.114151
-3.9	57	12815	1587	0.110193
-3.8	55	12870	1532	0.106374
-3.7	71	12941	1461	0.101444
-3.6	60	13001	1401	0.0972782
-3.5	59	13060	1342	0.0931815
-3.4	48	13108	1294	0.0898486
-3.3	47	13155	1247	0.0865852
-3.2	56	13211	1191	0.0826968
-3.1	44	13255	1147	0.0796417
-3	44	13299	1103	0.0765866
-2.9	46	13345	1057	0.0733926
-2.8	44	13389	1013	0.0703375
-2.7	44	13433	969	0.0672823
-2.6	46	13479	923	0.0640883
-2.5	35	13514	888	0.0616581
-2.4	35	13549	853	0.0592279
-2.3	28	13577	825	0.0572837
-2.2	34	13611	791	0.0549229
-2.1	32	13643	759	0.052701
-2	37	13680	722	0.0501319
-1.9	23	13703	699	0.0485349
-1.8	33	13736	666	0.0462436
-1.7	33	13769	633	0.0439522
-1.6	24	13793	609	0.0422858
-1.5	32	13825	577	0.0400639
-1.4	24	13849	553	0.0383974
-1.3	21	13870	532	0.0369393
-1.2	22	13892	510	0.0354117
-1.1	33	13925	477	0.0331204
-1	24	13949	453	0.031454
-0.9	27	13976	426	0.0295792
-0.8	22	13998	404	0.0280517
-0.7	23	14021	381	0.0264547
-0.6	25	14046	356	0.0247188
-0.5	16	14062	340	0.0236078
-0.4	13	14075	327	0.0227052
-0.3	16	14091	311	0.0215942
-0.2	19	14110	292	0.020275
-0.1	13	14123	279	0.0193723
0	17	14140	262	0.0181919
0.1	17	14157	245	0.0170115
0.2	18	14175	227	0.0157617
0.3	12	14187	215	0.0149285
0.4	13	14200	202	0.0140258
0.5	7	14207	195	0.0135398
0.6	10	14217	185	0.0128454
0.7	14	14231	171	0.0118734
0.8	5	14236	166	0.0115262
0.9	12	14248	154	0.010693
1	13	14261	141	0.00979031
1.1	8	14269	133	0.00923483
1.2	4	14273	129	0.00895709
1.3	8	14281	121	0.00840161
1.4	6	14287	115	0.007985
1.5	8	14295	107	0.00742952
1.6	7	14302	100	0.00694348
1.7	5	14307	95	0.00659631
1.8	5	14312	90	0.00624913
1.9	5	14317	85	0.00590196
2	4	14321	81	0.00562422
2.1	3	14324	78	0.00541591
2.2	6	14330	72	0.00499931
2.3	7	14337	65	0.00451326
2.4	5	14342	60	0.00416609
2.5	3	14345	57	0.00395778
2.6	6	14351	51	0.00354117
2.7	3	14354	48	0.00333287
2.8	2	14356	46	0.003194
2.9	5	14361	41	0.00284683
3	3	14364	38	0.00263852
3.1	1	14365	37	0.00256909
3.2	1	14366	36	0.00249965
3.3	1	14367	35	0.00243022
3.4	4	14371	31	0.00215248
3.5	4	14375	27	0.00187474
3.6	6	14381	21	0.00145813
3.7	1	14382	20	0.0013887
3.8	1	14383	19	0.00131926
3.9	2	14385	17	0.00118039
4	1	14386	16	0.00111096
4.1	0	14386	16	0.00111096
4.2	1	14387	15	0.00104152
4.3	0	14387	15	0.00104152
4.4	0	14387	15	0.00104152
4.5	3	14390	12	0.000833218
4.6	2	14392	10	0.000694348
4.7	1	14393	9	0.000624913
4.8	0	14393	9	0.000624913
4.9	0	14393	9	0.000624913
5	0	14393	9	0.000624913
5.1	0	14393	9	0.000624913
5.2	1	14394	8	0.000555478
5.3	0	14394	8	0.000555478
5.4	0	14394	8	0.000555478
5.5	1	14395	7	0.000486044
5.6	1	14396	6	0.000416609
5.7	0	14396	6	0.000416609
5.8	1	14397	5	0.000347174
5.9	1	14398	4	0.000277739
6	0	14398	4	0.000277739
6.1	0	14398	4	0.000277739
6.2	0	14398	4	0.000277739
6.3	0	14398	4	0.000277739
6.4	0	14398	4	0.000277739
6.5	1	14399	3	0.000208304
6.6	1	14400	2	0.00013887
6.7	0	14400	2	0.00013887
6.8	0	14400	2	0.00013887
6.9	1	14401	1	6.94348E-05
7	0	14401	1	6.94348E-05
7.1	0	14401	1	6.94348E-05
7.2	0	14401	1	6.94348E-05
7.3	1	14402	0	0
