#score	occ	co	cco	dCDF
-25.7	1	1	6425	0.999844
-25.6	0	1	6425	0.999844
-25.5	0	1	6425	0.999844
-25.4	0	1	6425	0.999844
-25.3	0	1	6425	0.999844
-25.2	0	1	6425	0.999844
-25.1	0	1	6425	0.999844
-25	0	1	6425	0.999844
-24.9	0	1	6425	0.999844
-24.8	0	1	6425	0.999844
-24.7	0	1	6425	0.999844
-24.6	1	2	6424	0.999689
-24.5	1	3	6423	0.999533
-24.4	0	3	6423	0.999533
-24.3	0	3	6423	0.999533
-24.2	0	3	6423	0.999533
-24.1	0	3	6423	0.999533
-24	0	3	6423	0.999533
-23.9	0	3	6423	0.999533
-23.8	0	3	6423	0.999533
-23.7	0	3	6423	0.999533
-23.6	0	3	6423	0.999533
-23.5	0	3	6423	0.999533
-23.4	0	3	6423	0.999533
-23.3	0	3	6423	0.999533
-23.2	0	3	6423	0.999533
-23.1	0	3	6423	0.999533
-23	0	3	6423	0.999533
-22.9	0	3	6423	0.999533
-22.8	0	3	6423	0.999533
-22.7	1	4	6422	0.999378
-22.6	0	4	6422	0.999378
-22.5	2	6	6420	0.999066
-22.4	2	8	6418	0.998755
-22.3	0	8	6418	0.998755
-22.2	2	10	6416	0.998444
-22.1	1	11	6415	0.998288
-22	2	13	6413	0.997977
-21.9	3	16	6410	0.99751
-21.8	2	18	6408	0.997199
-21.7	1	19	6407	0.997043
-21.6	2	21	6405	0.996732
-21.5	2	23	6403	0.996421
-21.4	0	23	6403	0.996421
-21.3	1	24	6402	0.996265
-21.2	1	25	6401	0.99611
-21.1	0	25	6401	0.99611
-21	2	27	6399	0.995798
-20.9	1	28	6398	0.995643
-20.8	3	31	6395	0.995176
-20.7	2	33	6393	0.994865
-20.6	4	37	6389	0.994242
-20.5	4	41	6385	0.99362
-20.4	7	48	6378	0.99253
-20.3	1	49	6377	0.992375
-20.2	3	52	6374	0.991908
-20.1	3	55	6371	0.991441
-20	3	58	6368	0.990974
-19.9	7	65	6361	0.989885
-19.8	1	66	6360	0.989729
-19.7	5	71	6355	0.988951
-19.6	6	77	6349	0.988017
-19.5	6	83	6343	0.987084
-19.4	1	84	6342	0.986928
-19.3	2	86	6340	0.986617
-19.2	5	91	6335	0.985839
-19.1	1	92	6334	0.985683
-19	7	99	6327	0.984594
-18.9	8	107	6319	0.983349
-18.8	7	114	6312	0.98226
-18.7	8	122	6304	0.981015
-18.6	7	129	6297	0.979925
-18.5	6	135	6291	0.978992
-18.4	5	140	6286	0.978214
-18.3	10	150	6276	0.976657
-18.2	9	159	6267	0.975257
-18.1	8	167	6259	0.974012
-18	7	174	6252	0.972923
-17.9	11	185	6241	0.971211
-17.8	7	192	6234	0.970121
-17.7	6	198	6228	0.969188
-17.6	8	206	6220	0.967943
-17.5	9	215	6211	0.966542
-17.4	10	225	6201	0.964986
-17.3	17	242	6184	0.96234
-17.2	12	254	6172	0.960473
-17.1	9	263	6163	0.959073
-17	7	270	6156	0.957983
-16.9	13	283	6143	0.95596
-16.8	20	303	6123	0.952848
-16.7	20	323	6103	0.949735
-16.6	13	336	6090	0.947712
-16.5	15	351	6075	0.945378
-16.4	15	366	6060	0.943044
-16.3	14	380	6046	0.940865
-16.2	11	391	6035	0.939153
-16.1	15	406	6020	0.936819
-16	18	424	6002	0.934018
-15.9	21	445	5981	0.93075
-15.8	18	463	5963	0.927949
-15.7	16	479	5947	0.925459
-15.6	33	512	5914	0.920324
-15.5	17	529	5897	0.917678
-15.4	18	547	5879	0.914877
-15.3	17	564	5862	0.912232
-15.2	23	587	5839	0.908652
-15.1	26	613	5813	0.904606
-15	26	639	5787	0.90056
-14.9	24	663	5763	0.896825
-14.8	28	691	5735	0.892468
-14.7	19	710	5716	0.889511
-14.6	19	729	5697	0.886555
-14.5	36	765	5661	0.880952
-14.4	17	782	5644	0.878307
-14.3	39	821	5605	0.872238
-14.2	36	857	5569	0.866636
-14.1	31	888	5538	0.861811
-14	28	916	5510	0.857454
-13.9	39	955	5471	0.851385
-13.8	39	994	5432	0.845316
-13.7	48	1042	5384	0.837846
-13.6	36	1078	5348	0.832244
-13.5	25	1103	5323	0.828354
-13.4	43	1146	5280	0.821662
-13.3	29	1175	5251	0.817149
-13.2	46	1221	5205	0.809991
-13.1	34	1255	5171	0.8047
-13	37	1292	5134	0.798942
-12.9	27	1319	5107	0.79474
-12.8	40	1359	5067	0.788515
-12.7	34	1393	5033	0.783224
-12.6	52	1445	4981	0.775132
-12.5	38	1483	4943	0.769219
-12.4	38	1521	4905	0.763305
-12.3	45	1566	4860	0.756303
-12.2	49	1615	4811	0.748677
-12.1	29	1644	4782	0.744164
-12	44	1688	4738	0.737317
-11.9	41	1729	4697	0.730937
-11.8	49	1778	4648	0.723312
-11.7	43	1821	4605	0.71662
-11.6	42	1863	4563	0.710084
-11.5	49	1912	4514	0.702459
-11.4	55	1967	4459	0.6939
-11.3	55	2022	4404	0.685341
-11.2	56	2078	4348	0.676626
-11.1	53	2131	4295	0.668378
-11	49	2180	4246	0.660753
-10.9	57	2237	4189	0.651883
-10.8	56	2293	4133	0.643168
-10.7	54	2347	4079	0.634765
-10.6	58	2405	4021	0.625739
-10.5	67	2472	3954	0.615313
-10.4	56	2528	3898	0.606598
-10.3	64	2592	3834	0.596639
-10.2	66	2658	3768	0.586368
-10.1	47	2705	3721	0.579054
-10	56	2761	3665	0.570339
-9.9	60	2821	3605	0.561002
-9.8	45	2866	3560	0.553999
-9.7	72	2938	3488	0.542795
-9.6	59	2997	3429	0.533613
-9.5	52	3049	3377	0.525521
-9.4	51	3100	3326	0.517585
-9.3	69	3169	3257	0.506847
-9.2	49	3218	3208	0.499222
-9.1	66	3284	3142	0.488951
-9	67	3351	3075	0.478525
-8.9	69	3420	3006	0.467787
-8.8	53	3473	2953	0.459539
-8.7	61	3534	2892	0.450047
-8.6	52	3586	2840	0.441955
-8.5	49	3635	2791	0.434329
-8.4	67	3702	2724	0.423903
-8.3	68	3770	2656	0.413321
-8.2	53	3823	2603	0.405073
-8.1	55	3878	2548	0.396514
-8	43	3921	2505	0.389823
-7.9	61	3982	2444	0.38033
-7.8	57	4039	2387	0.37146
-7.7	75	4114	2312	0.359788
-7.6	57	4171	2255	0.350918
-7.5	53	4224	2202	0.34267
-7.4	66	4290	2136	0.3324
-7.3	48	4338	2088	0.32493
-7.2	53	4391	2035	0.316682
-7.1	40	4431	1995	0.310458
-7	54	4485	1941	0.302054
-6.9	62	4547	1879	0.292406
-6.8	53	4600	1826	0.284158
-6.7	41	4641	1785	0.277778
-6.6	63	4704	1722	0.267974
-6.5	50	4754	1672	0.260193
-6.4	51	4805	1621	0.252256
-6.3	43	4848	1578	0.245565
-6.2	44	4892	1534	0.238718
-6.1	47	4939	1487	0.231404
-6	51	4990	1436	0.223467
-5.9	46	5036	1390	0.216309
-5.8	40	5076	1350	0.210084
-5.7	40	5116	1310	0.203859
-5.6	36	5152	1274	0.198257
-5.5	39	5191	1235	0.192188
-5.4	37	5228	1198	0.18643
-5.3	45	5273	1153	0.179427
-5.2	34	5307	1119	0.174136
-5.1	40	5347	1079	0.167912
-5	37	5384	1042	0.162154
-4.9	39	5423	1003	0.156085
-4.8	43	5466	960	0.149393
-4.7	30	5496	930	0.144725
-4.6	35	5531	895	0.139278
-4.5	32	5563	863	0.134298
-4.4	35	5598	828	0.128852
-4.3	28	5626	800	0.124494
-4.2	25	5651	775	0.120604
-4.1	20	5671	755	0.117491
-4	23	5694	732	0.113912
-3.9	17	5711	715	0.111267
-3.8	28	5739	687	0.106909
-3.7	23	5762	664	0.10333
-3.6	21	5783	643	0.100062
-3.5	18	5801	625	0.0972611
-3.4	23	5824	602	0.0936819
-3.3	28	5852	574	0.0893246
-3.2	24	5876	550	0.0855898
-3.1	19	5895	531	0.0826331
-3	19	5914	512	0.0796763
-2.9	19	5933	493	0.0767196
-2.8	24	5957	469	0.0729847
-2.7	28	5985	441	0.0686275
-2.6	16	6001	425	0.0661376
-2.5	22	6023	403	0.062714
-2.4	20	6043	383	0.0596016
-2.3	16	6059	367	0.0571117
-2.2	21	6080	346	0.0538438
-2.1	8	6088	338	0.0525988
-2	19	6107	319	0.0496421
-1.9	12	6119	307	0.0477747
-1.8	16	6135	291	0.0452848
-1.7	6	6141	285	0.0443511
-1.6	18	6159	267	0.04155
-1.5	11	6170	256	0.0398382
-1.4	16	6186	240	0.0373483
-1.3	8	6194	232	0.0361033
-1.2	14	6208	218	0.0339247
-1.1	13	6221	205	0.0319016
-1	15	6236	190	0.0295674
-0.9	12	6248	178	0.0277
-0.8	7	6255	171	0.0266106
-0.7	4	6259	167	0.0259882
-0.6	10	6269	157	0.024432
-0.5	9	6278	148	0.0230314
-0.4	8	6286	140	0.0217865
-0.3	5	6291	135	0.0210084
-0.2	11	6302	124	0.0192966
-0.1	10	6312	114	0.0177404
0	6	6318	108	0.0168067
0.1	4	6322	104	0.0161843
0.2	9	6331	95	0.0147837
0.3	4	6335	91	0.0141612
0.4	2	6337	89	0.01385
0.5	8	6345	81	0.012605
0.6	3	6348	78	0.0121382
0.7	2	6350	76	0.011827
0.8	7	6357	69	0.0107376
0.9	2	6359	67	0.0104264
1	8	6367	59	0.00918145
1.1	1	6368	58	0.00902583
1.2	2	6370	56	0.0087146
1.3	5	6375	51	0.00793651
1.4	3	6378	48	0.00746965
1.5	3	6381	45	0.0070028
1.6	2	6383	43	0.00669157
1.7	3	6386	40	0.00622471
1.8	2	6388	38	0.00591348
1.9	1	6389	37	0.00575786
2	2	6391	35	0.00544662
2.1	2	6393	33	0.00513539
2.2	5	6398	28	0.0043573
2.3	3	6401	25	0.00389045
2.4	0	6401	25	0.00389045
2.5	1	6402	24	0.00373483
2.6	0	6402	24	0.00373483
2.7	0	6402	24	0.00373483
2.8	0	6402	24	0.00373483
2.9	2	6404	22	0.00342359
3	2	6406	20	0.00311236
3.1	1	6407	19	0.00295674
3.2	2	6409	17	0.0026455
3.3	0	6409	17	0.0026455
3.4	2	6411	15	0.00233427
3.5	1	6412	14	0.00217865
3.6	0	6412	14	0.00217865
3.7	1	6413	13	0.00202303
3.8	2	6415	11	0.0017118
3.9	1	6416	10	0.00155618
4	1	6417	9	0.00140056
4.1	1	6418	8	0.00124494
4.2	0	6418	8	0.00124494
4.3	1	6419	7	0.00108932
4.4	0	6419	7	0.00108932
4.5	0	6419	7	0.00108932
4.6	0	6419	7	0.00108932
4.7	0	6419	7	0.00108932
4.8	2	6421	5	0.000778089
4.9	1	6422	4	0.000622471
5	1	6423	3	0.000466853
5.1	0	6423	3	0.000466853
5.2	0	6423	3	0.000466853
5.3	0	6423	3	0.000466853
5.4	0	6423	3	0.000466853
5.5	0	6423	3	0.000466853
5.6	0	6423	3	0.000466853
5.7	0	6423	3	0.000466853
5.8	0	6423	3	0.000466853
5.9	0	6423	3	0.000466853
6	0	6423	3	0.000466853
6.1	0	6423	3	0.000466853
6.2	0	6423	3	0.000466853
6.3	0	6423	3	0.000466853
6.4	0	6423	3	0.000466853
6.5	0	6423	3	0.000466853
6.6	1	6424	2	0.000311236
6.7	0	6424	2	0.000311236
6.8	0	6424	2	0.000311236
6.9	0	6424	2	0.000311236
7	1	6425	1	0.000155618
7.1	0	6425	1	0.000155618
7.2	1	6426	0	0
