#score	occ	co	cco	dCDF
-38.5	1	1	7037	0.999858
-38.4	0	1	7037	0.999858
-38.3	0	1	7037	0.999858
-38.2	0	1	7037	0.999858
-38.1	0	1	7037	0.999858
-38	0	1	7037	0.999858
-37.9	0	1	7037	0.999858
-37.8	0	1	7037	0.999858
-37.7	0	1	7037	0.999858
-37.6	0	1	7037	0.999858
-37.5	0	1	7037	0.999858
-37.4	0	1	7037	0.999858
-37.3	0	1	7037	0.999858
-37.2	0	1	7037	0.999858
-37.1	0	1	7037	0.999858
-37	0	1	7037	0.999858
-36.9	0	1	7037	0.999858
-36.8	0	1	7037	0.999858
-36.7	0	1	7037	0.999858
-36.6	0	1	7037	0.999858
-36.5	0	1	7037	0.999858
-36.4	0	1	7037	0.999858
-36.3	0	1	7037	0.999858
-36.2	1	2	7036	0.999716
-36.1	0	2	7036	0.999716
-36	0	2	7036	0.999716
-35.9	0	2	7036	0.999716
-35.8	0	2	7036	0.999716
-35.7	0	2	7036	0.999716
-35.6	0	2	7036	0.999716
-35.5	0	2	7036	0.999716
-35.4	1	3	7035	0.999574
-35.3	0	3	7035	0.999574
-35.2	0	3	7035	0.999574
-35.1	0	3	7035	0.999574
-35	2	5	7033	0.99929
-34.9	1	6	7032	0.999147
-34.8	0	6	7032	0.999147
-34.7	0	6	7032	0.999147
-34.6	1	7	7031	0.999005
-34.5	0	7	7031	0.999005
-34.4	0	7	7031	0.999005
-34.3	0	7	7031	0.999005
-34.2	0	7	7031	0.999005
-34.1	1	8	7030	0.998863
-34	0	8	7030	0.998863
-33.9	1	9	7029	0.998721
-33.8	0	9	7029	0.998721
-33.7	1	10	7028	0.998579
-33.6	0	10	7028	0.998579
-33.5	0	10	7028	0.998579
-33.4	0	10	7028	0.998579
-33.3	0	10	7028	0.998579
-33.2	0	10	7028	0.998579
-33.1	3	13	7025	0.998153
-33	0	13	7025	0.998153
-32.9	0	13	7025	0.998153
-32.8	1	14	7024	0.998011
-32.7	1	15	7023	0.997869
-32.6	0	15	7023	0.997869
-32.5	0	15	7023	0.997869
-32.4	0	15	7023	0.997869
-32.3	4	19	7019	0.9973
-32.2	0	19	7019	0.9973
-32.1	0	19	7019	0.9973
-32	2	21	7017	0.997016
-31.9	1	22	7016	0.996874
-31.8	4	26	7012	0.996306
-31.7	1	27	7011	0.996164
-31.6	1	28	7010	0.996022
-31.5	1	29	7009	0.99588
-31.4	0	29	7009	0.99588
-31.3	2	31	7007	0.995595
-31.2	1	32	7006	0.995453
-31.1	3	35	7003	0.995027
-31	2	37	7001	0.994743
-30.9	2	39	6999	0.994459
-30.8	6	45	6993	0.993606
-30.7	4	49	6989	0.993038
-30.6	1	50	6988	0.992896
-30.5	2	52	6986	0.992612
-30.4	4	56	6982	0.992043
-30.3	3	59	6979	0.991617
-30.2	3	62	6976	0.991191
-30.1	2	64	6974	0.990907
-30	5	69	6969	0.990196
-29.9	9	78	6960	0.988917
-29.8	2	80	6958	0.988633
-29.7	6	86	6952	0.987781
-29.6	3	89	6949	0.987354
-29.5	3	92	6946	0.986928
-29.4	2	94	6944	0.986644
-29.3	11	105	6933	0.985081
-29.2	8	113	6925	0.983944
-29.1	4	117	6921	0.983376
-29	6	123	6915	0.982523
-28.9	10	133	6905	0.981103
-28.8	4	137	6901	0.980534
-28.7	4	141	6897	0.979966
-28.6	5	146	6892	0.979255
-28.5	3	149	6889	0.978829
-28.4	7	156	6882	0.977835
-28.3	7	163	6875	0.97684
-28.2	8	171	6867	0.975703
-28.1	9	180	6858	0.974425
-28	6	186	6852	0.973572
-27.9	11	197	6841	0.972009
-27.8	9	206	6832	0.97073
-27.7	9	215	6823	0.969452
-27.6	7	222	6816	0.968457
-27.5	12	234	6804	0.966752
-27.4	10	244	6794	0.965331
-27.3	11	255	6783	0.963768
-27.2	11	266	6772	0.962205
-27.1	12	278	6760	0.9605
-27	17	295	6743	0.958085
-26.9	15	310	6728	0.955953
-26.8	14	324	6714	0.953964
-26.7	16	340	6698	0.951691
-26.6	8	348	6690	0.950554
-26.5	13	361	6677	0.948707
-26.4	13	374	6664	0.94686
-26.3	12	386	6652	0.945155
-26.2	14	400	6638	0.943166
-26.1	19	419	6619	0.940466
-26	19	438	6600	0.937766
-25.9	13	451	6587	0.935919
-25.8	10	461	6577	0.934498
-25.7	23	484	6554	0.93123
-25.6	20	504	6534	0.928389
-25.5	18	522	6516	0.925831
-25.4	16	538	6500	0.923558
-25.3	19	557	6481	0.920858
-25.2	17	574	6464	0.918443
-25.1	30	604	6434	0.91418
-25	20	624	6414	0.911338
-24.9	23	647	6391	0.90807
-24.8	23	670	6368	0.904803
-24.7	20	690	6348	0.901961
-24.6	15	705	6333	0.899829
-24.5	20	725	6313	0.896988
-24.4	20	745	6293	0.894146
-24.3	24	769	6269	0.890736
-24.2	19	788	6250	0.888036
-24.1	17	805	6233	0.885621
-24	18	823	6215	0.883063
-23.9	29	852	6186	0.878943
-23.8	25	877	6161	0.875391
-23.7	23	900	6138	0.872123
-23.6	33	933	6105	0.867434
-23.5	31	964	6074	0.863029
-23.4	27	991	6047	0.859193
-23.3	21	1012	6026	0.856209
-23.2	20	1032	6006	0.853367
-23.1	34	1066	5972	0.848537
-23	37	1103	5935	0.843279
-22.9	32	1135	5903	0.838733
-22.8	25	1160	5878	0.83518
-22.7	28	1188	5850	0.831202
-22.6	48	1236	5802	0.824382
-22.5	24	1260	5778	0.820972
-22.4	26	1286	5752	0.817278
-22.3	34	1320	5718	0.812447
-22.2	48	1368	5670	0.805627
-22.1	25	1393	5645	0.802074
-22	34	1427	5611	0.797244
-21.9	31	1458	5580	0.792839
-21.8	42	1500	5538	0.786871
-21.7	35	1535	5503	0.781898
-21.6	33	1568	5470	0.777209
-21.5	24	1592	5446	0.773799
-21.4	22	1614	5424	0.770673
-21.3	36	1650	5388	0.765558
-21.2	37	1687	5351	0.760301
-21.1	42	1729	5309	0.754334
-21	38	1767	5271	0.748934
-20.9	34	1801	5237	0.744103
-20.8	28	1829	5209	0.740125
-20.7	33	1862	5176	0.735436
-20.6	47	1909	5129	0.728758
-20.5	38	1947	5091	0.723359
-20.4	53	2000	5038	0.715828
-20.3	38	2038	5000	0.710429
-20.2	46	2084	4954	0.703893
-20.1	44	2128	4910	0.697641
-20	37	2165	4873	0.692384
-19.9	39	2204	4834	0.686843
-19.8	49	2253	4785	0.679881
-19.7	44	2297	4741	0.673629
-19.6	43	2340	4698	0.667519
-19.5	57	2397	4641	0.65942
-19.4	44	2441	4597	0.653169
-19.3	40	2481	4557	0.647485
-19.2	40	2521	4517	0.641802
-19.1	33	2554	4484	0.637113
-19	57	2611	4427	0.629014
-18.9	43	2654	4384	0.622904
-18.8	44	2698	4340	0.616652
-18.7	50	2748	4290	0.609548
-18.6	50	2798	4240	0.602444
-18.5	45	2843	4195	0.59605
-18.4	44	2887	4151	0.589798
-18.3	58	2945	4093	0.581557
-18.2	37	2982	4056	0.5763
-18.1	39	3021	4017	0.570759
-18	38	3059	3979	0.565359
-17.9	49	3108	3930	0.558397
-17.8	51	3159	3879	0.551151
-17.7	35	3194	3844	0.546178
-17.6	48	3242	3796	0.539358
-17.5	47	3289	3749	0.53268
-17.4	50	3339	3699	0.525575
-17.3	61	3400	3638	0.516908
-17.2	43	3443	3595	0.510799
-17.1	67	3510	3528	0.501279
-17	49	3559	3479	0.494317
-16.9	52	3611	3427	0.486928
-16.8	58	3669	3369	0.478687
-16.7	44	3713	3325	0.472435
-16.6	45	3758	3280	0.466041
-16.5	64	3822	3216	0.456948
-16.4	52	3874	3164	0.44956
-16.3	40	3914	3124	0.443876
-16.2	49	3963	3075	0.436914
-16.1	42	4005	3033	0.430946
-16	38	4043	2995	0.425547
-15.9	58	4101	2937	0.417306
-15.8	47	4148	2890	0.410628
-15.7	41	4189	2849	0.404803
-15.6	46	4235	2803	0.398267
-15.5	44	4279	2759	0.392015
-15.4	36	4315	2723	0.3869
-15.3	47	4362	2676	0.380222
-15.2	44	4406	2632	0.37397
-15.1	39	4445	2593	0.368429
-15	55	4500	2538	0.360614
-14.9	49	4549	2489	0.353652
-14.8	50	4599	2439	0.346547
-14.7	41	4640	2398	0.340722
-14.6	38	4678	2360	0.335323
-14.5	46	4724	2314	0.328787
-14.4	46	4770	2268	0.322251
-14.3	47	4817	2221	0.315573
-14.2	34	4851	2187	0.310742
-14.1	43	4894	2144	0.304632
-14	40	4934	2104	0.298949
-13.9	38	4972	2066	0.293549
-13.8	38	5010	2028	0.28815
-13.7	40	5050	1988	0.282467
-13.6	35	5085	1953	0.277494
-13.5	37	5122	1916	0.272236
-13.4	27	5149	1889	0.2684
-13.3	42	5191	1847	0.262433
-13.2	35	5226	1812	0.25746
-13.1	36	5262	1776	0.252344
-13	28	5290	1748	0.248366
-12.9	37	5327	1711	0.243109
-12.8	28	5355	1683	0.23913
-12.7	35	5390	1648	0.234157
-12.6	32	5422	1616	0.229611
-12.5	37	5459	1579	0.224354
-12.4	31	5490	1548	0.219949
-12.3	35	5525	1513	0.214976
-12.2	31	5556	1482	0.210571
-12.1	39	5595	1443	0.20503
-12	34	5629	1409	0.200199
-11.9	27	5656	1382	0.196363
-11.8	32	5688	1350	0.191816
-11.7	28	5716	1322	0.187837
-11.6	30	5746	1292	0.183575
-11.5	34	5780	1258	0.178744
-11.4	37	5817	1221	0.173487
-11.3	33	5850	1188	0.168798
-11.2	40	5890	1148	0.163115
-11.1	28	5918	1120	0.159136
-11	31	5949	1089	0.154731
-10.9	34	5983	1055	0.149901
-10.8	29	6012	1026	0.14578
-10.7	28	6040	998	0.141802
-10.6	18	6058	980	0.139244
-10.5	29	6087	951	0.135124
-10.4	19	6106	932	0.132424
-10.3	11	6117	921	0.130861
-10.2	32	6149	889	0.126314
-10.1	21	6170	868	0.12333
-10	28	6198	840	0.119352
-9.9	17	6215	823	0.116937
-9.8	29	6244	794	0.112816
-9.7	28	6272	766	0.108838
-9.6	13	6285	753	0.106991
-9.5	21	6306	732	0.104007
-9.4	16	6322	716	0.101733
-9.3	16	6338	700	0.0994601
-9.2	19	6357	681	0.0967604
-9.1	21	6378	660	0.0937766
-9	17	6395	643	0.0913612
-8.9	13	6408	630	0.0895141
-8.8	19	6427	611	0.0868144
-8.7	23	6450	588	0.0835465
-8.6	11	6461	577	0.0819835
-8.5	18	6479	559	0.079426
-8.4	17	6496	542	0.0770105
-8.3	13	6509	529	0.0751634
-8.2	14	6523	515	0.0731742
-8.1	15	6538	500	0.0710429
-8	15	6553	485	0.0689116
-7.9	15	6568	470	0.0667803
-7.8	11	6579	459	0.0652174
-7.7	17	6596	442	0.0628019
-7.6	12	6608	430	0.0610969
-7.5	9	6617	421	0.0598181
-7.4	10	6627	411	0.0583973
-7.3	14	6641	397	0.0564081
-7.2	18	6659	379	0.0538505
-7.1	4	6663	375	0.0532822
-7	15	6678	360	0.0511509
-6.9	9	6687	351	0.0498721
-6.8	14	6701	337	0.0478829
-6.7	12	6713	325	0.0461779
-6.6	13	6726	312	0.0443308
-6.5	11	6737	301	0.0427678
-6.4	10	6747	291	0.041347
-6.3	8	6755	283	0.0402103
-6.2	8	6763	275	0.0390736
-6.1	10	6773	265	0.0376527
-6	6	6779	259	0.0368002
-5.9	7	6786	252	0.0358056
-5.8	8	6794	244	0.0346689
-5.7	6	6800	238	0.0338164
-5.6	3	6803	235	0.0333902
-5.5	8	6811	227	0.0322535
-5.4	6	6817	221	0.031401
-5.3	7	6824	214	0.0304064
-5.2	6	6830	208	0.0295539
-5.1	11	6841	197	0.0279909
-5	12	6853	185	0.0262859
-4.9	4	6857	181	0.0257175
-4.8	6	6863	175	0.024865
-4.7	7	6870	168	0.0238704
-4.6	8	6878	160	0.0227337
-4.5	8	6886	152	0.021597
-4.4	5	6891	147	0.0208866
-4.3	2	6893	145	0.0206024
-4.2	6	6899	139	0.0197499
-4.1	3	6902	136	0.0193237
-4	4	6906	132	0.0187553
-3.9	3	6909	129	0.0183291
-3.8	4	6913	125	0.0177607
-3.7	3	6916	122	0.0173345
-3.6	3	6919	119	0.0169082
-3.5	3	6922	116	0.016482
-3.4	2	6924	114	0.0161978
-3.3	5	6929	109	0.0154874
-3.2	7	6936	102	0.0144928
-3.1	8	6944	94	0.0133561
-3	4	6948	90	0.0127877
-2.9	2	6950	88	0.0125036
-2.8	2	6952	86	0.0122194
-2.7	3	6955	83	0.0117931
-2.6	6	6961	77	0.0109406
-2.5	2	6963	75	0.0106564
-2.4	2	6965	73	0.0103723
-2.3	5	6970	68	0.00966184
-2.2	2	6972	66	0.00937766
-2.1	5	6977	61	0.00866724
-2	2	6979	59	0.00838306
-1.9	1	6980	58	0.00824098
-1.8	3	6983	55	0.00781472
-1.7	2	6985	53	0.00753055
-1.6	4	6989	49	0.00696221
-1.5	2	6991	47	0.00667803
-1.4	1	6992	46	0.00653595
-1.3	3	6995	43	0.00610969
-1.2	3	6998	40	0.00568343
-1.1	2	7000	38	0.00539926
-1	3	7003	35	0.004973
-0.9	2	7005	33	0.00468883
-0.8	1	7006	32	0.00454675
-0.7	0	7006	32	0.00454675
-0.6	0	7006	32	0.00454675
-0.5	1	7007	31	0.00440466
-0.4	2	7009	29	0.00412049
-0.3	4	7013	25	0.00355215
-0.2	1	7014	24	0.00341006
-0.1	1	7015	23	0.00326797
0	1	7016	22	0.00312589
0.1	1	7017	21	0.0029838
0.2	1	7018	20	0.00284172
0.3	1	7019	19	0.00269963
0.4	1	7020	18	0.00255754
0.5	0	7020	18	0.00255754
0.6	0	7020	18	0.00255754
0.7	1	7021	17	0.00241546
0.8	3	7024	14	0.0019892
0.9	1	7025	13	0.00184712
1	0	7025	13	0.00184712
1.1	0	7025	13	0.00184712
1.2	0	7025	13	0.00184712
1.3	0	7025	13	0.00184712
1.4	1	7026	12	0.00170503
1.5	1	7027	11	0.00156294
1.6	1	7028	10	0.00142086
1.7	0	7028	10	0.00142086
1.8	1	7029	9	0.00127877
1.9	0	7029	9	0.00127877
2	0	7029	9	0.00127877
2.1	0	7029	9	0.00127877
2.2	0	7029	9	0.00127877
2.3	1	7030	8	0.00113669
2.4	0	7030	8	0.00113669
2.5	1	7031	7	0.000994601
2.6	0	7031	7	0.000994601
2.7	0	7031	7	0.000994601
2.8	0	7031	7	0.000994601
2.9	0	7031	7	0.000994601
3	1	7032	6	0.000852515
3.1	0	7032	6	0.000852515
3.2	1	7033	5	0.000710429
3.3	0	7033	5	0.000710429
3.4	0	7033	5	0.000710429
3.5	0	7033	5	0.000710429
3.6	1	7034	4	0.000568343
3.7	0	7034	4	0.000568343
3.8	0	7034	4	0.000568343
3.9	1	7035	3	0.000426257
4	0	7035	3	0.000426257
4.1	0	7035	3	0.000426257
4.2	0	7035	3	0.000426257
4.3	0	7035	3	0.000426257
4.4	0	7035	3	0.000426257
4.5	0	7035	3	0.000426257
4.6	0	7035	3	0.000426257
4.7	0	7035	3	0.000426257
4.8	0	7035	3	0.000426257
4.9	0	7035	3	0.000426257
5	0	7035	3	0.000426257
5.1	0	7035	3	0.000426257
5.2	0	7035	3	0.000426257
5.3	0	7035	3	0.000426257
5.4	0	7035	3	0.000426257
5.5	0	7035	3	0.000426257
5.6	1	7036	2	0.000284172
5.7	0	7036	2	0.000284172
5.8	0	7036	2	0.000284172
5.9	0	7036	2	0.000284172
6	1	7037	1	0.000142086
6.1	0	7037	1	0.000142086
6.2	0	7037	1	0.000142086
6.3	0	7037	1	0.000142086
6.4	0	7037	1	0.000142086
6.5	0	7037	1	0.000142086
6.6	0	7037	1	0.000142086
6.7	0	7037	1	0.000142086
6.8	0	7037	1	0.000142086
6.9	0	7037	1	0.000142086
7	0	7037	1	0.000142086
7.1	0	7037	1	0.000142086
7.2	0	7037	1	0.000142086
7.3	0	7037	1	0.000142086
7.4	0	7037	1	0.000142086
7.5	0	7037	1	0.000142086
7.6	0	7037	1	0.000142086
7.7	0	7037	1	0.000142086
7.8	0	7037	1	0.000142086
7.9	0	7037	1	0.000142086
8	0	7037	1	0.000142086
8.1	0	7037	1	0.000142086
8.2	0	7037	1	0.000142086
8.3	1	7038	0	0
