#score	occ	co	cco	dCDF
-37.6	1	1	7037	0.999858
-37.5	0	1	7037	0.999858
-37.4	0	1	7037	0.999858
-37.3	0	1	7037	0.999858
-37.2	0	1	7037	0.999858
-37.1	0	1	7037	0.999858
-37	0	1	7037	0.999858
-36.9	0	1	7037	0.999858
-36.8	0	1	7037	0.999858
-36.7	0	1	7037	0.999858
-36.6	0	1	7037	0.999858
-36.5	0	1	7037	0.999858
-36.4	1	2	7036	0.999716
-36.3	0	2	7036	0.999716
-36.2	0	2	7036	0.999716
-36.1	0	2	7036	0.999716
-36	0	2	7036	0.999716
-35.9	1	3	7035	0.999574
-35.8	1	4	7034	0.999432
-35.7	1	5	7033	0.99929
-35.6	0	5	7033	0.99929
-35.5	1	6	7032	0.999147
-35.4	0	6	7032	0.999147
-35.3	0	6	7032	0.999147
-35.2	2	8	7030	0.998863
-35.1	0	8	7030	0.998863
-35	0	8	7030	0.998863
-34.9	0	8	7030	0.998863
-34.8	0	8	7030	0.998863
-34.7	0	8	7030	0.998863
-34.6	0	8	7030	0.998863
-34.5	0	8	7030	0.998863
-34.4	1	9	7029	0.998721
-34.3	0	9	7029	0.998721
-34.2	1	10	7028	0.998579
-34.1	0	10	7028	0.998579
-34	1	11	7027	0.998437
-33.9	1	12	7026	0.998295
-33.8	0	12	7026	0.998295
-33.7	0	12	7026	0.998295
-33.6	0	12	7026	0.998295
-33.5	1	13	7025	0.998153
-33.4	1	14	7024	0.998011
-33.3	1	15	7023	0.997869
-33.2	1	16	7022	0.997727
-33.1	0	16	7022	0.997727
-33	0	16	7022	0.997727
-32.9	2	18	7020	0.997442
-32.8	0	18	7020	0.997442
-32.7	3	21	7017	0.997016
-32.6	3	24	7014	0.99659
-32.5	1	25	7013	0.996448
-32.4	2	27	7011	0.996164
-32.3	2	29	7009	0.99588
-32.2	2	31	7007	0.995595
-32.1	1	32	7006	0.995453
-32	2	34	7004	0.995169
-31.9	5	39	6999	0.994459
-31.8	3	42	6996	0.994032
-31.7	2	44	6994	0.993748
-31.6	1	45	6993	0.993606
-31.5	1	46	6992	0.993464
-31.4	2	48	6990	0.99318
-31.3	0	48	6990	0.99318
-31.2	4	52	6986	0.992612
-31.1	2	54	6984	0.992327
-31	3	57	6981	0.991901
-30.9	1	58	6980	0.991759
-30.8	2	60	6978	0.991475
-30.7	2	62	6976	0.991191
-30.6	8	70	6968	0.990054
-30.5	3	73	6965	0.989628
-30.4	4	77	6961	0.989059
-30.3	5	82	6956	0.988349
-30.2	2	84	6954	0.988065
-30.1	8	92	6946	0.986928
-30	2	94	6944	0.986644
-29.9	7	101	6937	0.985649
-29.8	5	106	6932	0.984939
-29.7	8	114	6924	0.983802
-29.6	2	116	6922	0.983518
-29.5	0	116	6922	0.983518
-29.4	4	120	6918	0.98295
-29.3	10	130	6908	0.981529
-29.2	4	134	6904	0.980961
-29.1	3	137	6901	0.980534
-29	4	141	6897	0.979966
-28.9	9	150	6888	0.978687
-28.8	10	160	6878	0.977266
-28.7	5	165	6873	0.976556
-28.6	11	176	6862	0.974993
-28.5	7	183	6855	0.973998
-28.4	10	193	6845	0.972577
-28.3	9	202	6836	0.971299
-28.2	8	210	6828	0.970162
-28.1	2	212	6826	0.969878
-28	10	222	6816	0.968457
-27.9	13	235	6803	0.96661
-27.8	5	240	6798	0.965899
-27.7	11	251	6787	0.964336
-27.6	10	261	6777	0.962916
-27.5	9	270	6768	0.961637
-27.4	12	282	6756	0.959932
-27.3	6	288	6750	0.959079
-27.2	9	297	6741	0.957801
-27.1	12	309	6729	0.956095
-27	8	317	6721	0.954959
-26.9	7	324	6714	0.953964
-26.8	11	335	6703	0.952401
-26.7	11	346	6692	0.950838
-26.6	12	358	6680	0.949133
-26.5	19	377	6661	0.946434
-26.4	11	388	6650	0.944871
-26.3	11	399	6639	0.943308
-26.2	19	418	6620	0.940608
-26.1	17	435	6603	0.938193
-26	19	454	6584	0.935493
-25.9	15	469	6569	0.933362
-25.8	16	485	6553	0.931088
-25.7	12	497	6541	0.929383
-25.6	10	507	6531	0.927962
-25.5	18	525	6513	0.925405
-25.4	18	543	6495	0.922847
-25.3	17	560	6478	0.920432
-25.2	19	579	6459	0.917732
-25.1	26	605	6433	0.914038
-25	23	628	6410	0.91077
-24.9	17	645	6393	0.908355
-24.8	27	672	6366	0.904518
-24.7	19	691	6347	0.901819
-24.6	23	714	6324	0.898551
-24.5	23	737	6301	0.895283
-24.4	15	752	6286	0.893151
-24.3	19	771	6267	0.890452
-24.2	23	794	6244	0.887184
-24.1	23	817	6221	0.883916
-24	30	847	6191	0.879653
-23.9	26	873	6165	0.875959
-23.8	28	901	6137	0.871981
-23.7	24	925	6113	0.868571
-23.6	23	948	6090	0.865303
-23.5	30	978	6060	0.86104
-23.4	29	1007	6031	0.85692
-23.3	29	1036	6002	0.852799
-23.2	23	1059	5979	0.849531
-23.1	26	1085	5953	0.845837
-23	30	1115	5923	0.841574
-22.9	28	1143	5895	0.837596
-22.8	40	1183	5855	0.831912
-22.7	20	1203	5835	0.829071
-22.6	35	1238	5800	0.824098
-22.5	36	1274	5764	0.818983
-22.4	31	1305	5733	0.814578
-22.3	31	1336	5702	0.810173
-22.2	27	1363	5675	0.806337
-22.1	32	1395	5643	0.80179
-22	32	1427	5611	0.797244
-21.9	38	1465	5573	0.791844
-21.8	31	1496	5542	0.78744
-21.7	31	1527	5511	0.783035
-21.6	42	1569	5469	0.777067
-21.5	31	1600	5438	0.772663
-21.4	44	1644	5394	0.766411
-21.3	33	1677	5361	0.761722
-21.2	24	1701	5337	0.758312
-21.1	39	1740	5298	0.752771
-21	43	1783	5255	0.746661
-20.9	44	1827	5211	0.740409
-20.8	42	1869	5169	0.734442
-20.7	32	1901	5137	0.729895
-20.6	37	1938	5100	0.724638
-20.5	32	1970	5068	0.720091
-20.4	45	2015	5023	0.713697
-20.3	42	2057	4981	0.707729
-20.2	39	2096	4942	0.702188
-20.1	41	2137	4901	0.696363
-20	42	2179	4859	0.690395
-19.9	53	2232	4806	0.682864
-19.8	47	2279	4759	0.676186
-19.7	55	2334	4704	0.668372
-19.6	36	2370	4668	0.663257
-19.5	55	2425	4613	0.655442
-19.4	53	2478	4560	0.647911
-19.3	52	2530	4508	0.640523
-19.2	40	2570	4468	0.634839
-19.1	31	2601	4437	0.630435
-19	29	2630	4408	0.626314
-18.9	55	2685	4353	0.6185
-18.8	45	2730	4308	0.612106
-18.7	46	2776	4262	0.60557
-18.6	42	2818	4220	0.599602
-18.5	59	2877	4161	0.591219
-18.4	49	2926	4112	0.584257
-18.3	50	2976	4062	0.577153
-18.2	46	3022	4016	0.570617
-18.1	54	3076	3962	0.562944
-18	46	3122	3916	0.556408
-17.9	48	3170	3868	0.549588
-17.8	48	3218	3820	0.542768
-17.7	39	3257	3781	0.537226
-17.6	40	3297	3741	0.531543
-17.5	50	3347	3691	0.524439
-17.4	50	3397	3641	0.517334
-17.3	47	3444	3594	0.510656
-17.2	41	3485	3553	0.504831
-17.1	55	3540	3498	0.497016
-17	50	3590	3448	0.489912
-16.9	33	3623	3415	0.485223
-16.8	43	3666	3372	0.479113
-16.7	55	3721	3317	0.471299
-16.6	52	3773	3265	0.46391
-16.5	53	3826	3212	0.45638
-16.4	45	3871	3167	0.449986
-16.3	44	3915	3123	0.443734
-16.2	42	3957	3081	0.437766
-16.1	51	4008	3030	0.43052
-16	37	4045	2993	0.425263
-15.9	49	4094	2944	0.418301
-15.8	46	4140	2898	0.411765
-15.7	46	4186	2852	0.405229
-15.6	32	4218	2820	0.400682
-15.5	44	4262	2776	0.39443
-15.4	32	4294	2744	0.389883
-15.3	44	4338	2700	0.383632
-15.2	45	4383	2655	0.377238
-15.1	35	4418	2620	0.372265
-15	39	4457	2581	0.366724
-14.9	44	4501	2537	0.360472
-14.8	38	4539	2499	0.355072
-14.7	43	4582	2456	0.348963
-14.6	47	4629	2409	0.342285
-14.5	34	4663	2375	0.337454
-14.4	42	4705	2333	0.331486
-14.3	38	4743	2295	0.326087
-14.2	38	4781	2257	0.320688
-14.1	43	4824	2214	0.314578
-14	40	4864	2174	0.308895
-13.9	41	4905	2133	0.303069
-13.8	45	4950	2088	0.296675
-13.7	35	4985	2053	0.291702
-13.6	43	5028	2010	0.285592
-13.5	39	5067	1971	0.280051
-13.4	53	5120	1918	0.272521
-13.3	45	5165	1873	0.266127
-13.2	29	5194	1844	0.262006
-13.1	35	5229	1809	0.257033
-13	30	5259	1779	0.252771
-12.9	37	5296	1742	0.247513
-12.8	37	5333	1705	0.242256
-12.7	44	5377	1661	0.236005
-12.6	37	5414	1624	0.230747
-12.5	31	5445	1593	0.226343
-12.4	38	5483	1555	0.220943
-12.3	52	5535	1503	0.213555
-12.2	34	5569	1469	0.208724
-12.1	31	5600	1438	0.204319
-12	19	5619	1419	0.20162
-11.9	35	5654	1384	0.196647
-11.8	37	5691	1347	0.19139
-11.7	31	5722	1316	0.186985
-11.6	32	5754	1284	0.182438
-11.5	35	5789	1249	0.177465
-11.4	31	5820	1218	0.173061
-11.3	26	5846	1192	0.169366
-11.2	34	5880	1158	0.164535
-11.1	24	5904	1134	0.161125
-11	27	5931	1107	0.157289
-10.9	24	5955	1083	0.153879
-10.8	37	5992	1046	0.148622
-10.7	30	6022	1016	0.144359
-10.6	27	6049	989	0.140523
-10.5	26	6075	963	0.136829
-10.4	29	6104	934	0.132708
-10.3	34	6138	900	0.127877
-10.2	28	6166	872	0.123899
-10.1	23	6189	849	0.120631
-10	13	6202	836	0.118784
-9.9	18	6220	818	0.116226
-9.8	27	6247	791	0.11239
-9.7	26	6273	765	0.108696
-9.6	16	6289	749	0.106422
-9.5	27	6316	722	0.102586
-9.4	21	6337	701	0.0996022
-9.3	17	6354	684	0.0971867
-9.2	18	6372	666	0.0946292
-9.1	24	6396	642	0.0912191
-9	19	6415	623	0.0885195
-8.9	20	6435	603	0.0856777
-8.8	12	6447	591	0.0839727
-8.7	21	6468	570	0.0809889
-8.6	13	6481	557	0.0791418
-8.5	19	6500	538	0.0764422
-8.4	14	6514	524	0.074453
-8.3	13	6527	511	0.0726059
-8.2	21	6548	490	0.0696221
-8.1	14	6562	476	0.0676329
-8	13	6575	463	0.0657857
-7.9	16	6591	447	0.0635124
-7.8	14	6605	433	0.0615232
-7.7	12	6617	421	0.0598181
-7.6	12	6629	409	0.0581131
-7.5	13	6642	396	0.056266
-7.4	15	6657	381	0.0541347
-7.3	12	6669	369	0.0524297
-7.2	12	6681	357	0.0507246
-7.1	12	6693	345	0.0490196
-7	14	6707	331	0.0470304
-6.9	7	6714	324	0.0460358
-6.8	12	6726	312	0.0443308
-6.7	9	6735	303	0.043052
-6.6	12	6747	291	0.041347
-6.5	11	6758	280	0.039784
-6.4	13	6771	267	0.0379369
-6.3	12	6783	255	0.0362319
-6.2	13	6796	242	0.0343848
-6.1	6	6802	236	0.0335323
-6	9	6811	227	0.0322535
-5.9	9	6820	218	0.0309747
-5.8	9	6829	209	0.0296959
-5.7	5	6834	204	0.0289855
-5.6	5	6839	199	0.0282751
-5.5	9	6848	190	0.0269963
-5.4	6	6854	184	0.0261438
-5.3	4	6858	180	0.0255754
-5.2	7	6865	173	0.0245808
-5.1	7	6872	166	0.0235862
-5	5	6877	161	0.0228758
-4.9	6	6883	155	0.0220233
-4.8	5	6888	150	0.0213129
-4.7	6	6894	144	0.0204604
-4.6	6	6900	138	0.0196078
-4.5	6	6906	132	0.0187553
-4.4	2	6908	130	0.0184712
-4.3	7	6915	123	0.0174766
-4.2	6	6921	117	0.016624
-4.1	6	6927	111	0.0157715
-4	5	6932	106	0.0150611
-3.9	6	6938	100	0.0142086
-3.8	8	6946	92	0.0130719
-3.7	5	6951	87	0.0123615
-3.6	4	6955	83	0.0117931
-3.5	3	6958	80	0.0113669
-3.4	1	6959	79	0.0112248
-3.3	3	6962	76	0.0107985
-3.2	2	6964	74	0.0105144
-3.1	2	6966	72	0.0102302
-3	5	6971	67	0.00951975
-2.9	3	6974	64	0.00909349
-2.8	2	6976	62	0.00880932
-2.7	1	6977	61	0.00866724
-2.6	3	6980	58	0.00824098
-2.5	1	6981	57	0.00809889
-2.4	3	6984	54	0.00767263
-2.3	1	6985	53	0.00753055
-2.2	1	6986	52	0.00738846
-2.1	3	6989	49	0.00696221
-2	1	6990	48	0.00682012
-1.9	1	6991	47	0.00667803
-1.8	2	6993	45	0.00639386
-1.7	2	6995	43	0.00610969
-1.6	3	6998	40	0.00568343
-1.5	2	7000	38	0.00539926
-1.4	2	7002	36	0.00511509
-1.3	2	7004	34	0.00483092
-1.2	0	7004	34	0.00483092
-1.1	2	7006	32	0.00454675
-1	2	7008	30	0.00426257
-0.9	1	7009	29	0.00412049
-0.8	0	7009	29	0.00412049
-0.7	1	7010	28	0.0039784
-0.6	2	7012	26	0.00369423
-0.5	1	7013	25	0.00355215
-0.4	1	7014	24	0.00341006
-0.3	1	7015	23	0.00326797
-0.2	1	7016	22	0.00312589
-0.1	2	7018	20	0.00284172
0	1	7019	19	0.00269963
0.1	1	7020	18	0.00255754
0.2	1	7021	17	0.00241546
0.3	0	7021	17	0.00241546
0.4	0	7021	17	0.00241546
0.5	2	7023	15	0.00213129
0.6	0	7023	15	0.00213129
0.7	0	7023	15	0.00213129
0.8	0	7023	15	0.00213129
0.9	0	7023	15	0.00213129
1	1	7024	14	0.0019892
1.1	0	7024	14	0.0019892
1.2	1	7025	13	0.00184712
1.3	0	7025	13	0.00184712
1.4	1	7026	12	0.00170503
1.5	1	7027	11	0.00156294
1.6	0	7027	11	0.00156294
1.7	1	7028	10	0.00142086
1.8	0	7028	10	0.00142086
1.9	1	7029	9	0.00127877
2	0	7029	9	0.00127877
2.1	0	7029	9	0.00127877
2.2	0	7029	9	0.00127877
2.3	1	7030	8	0.00113669
2.4	0	7030	8	0.00113669
2.5	1	7031	7	0.000994601
2.6	0	7031	7	0.000994601
2.7	0	7031	7	0.000994601
2.8	0	7031	7	0.000994601
2.9	1	7032	6	0.000852515
3	0	7032	6	0.000852515
3.1	0	7032	6	0.000852515
3.2	0	7032	6	0.000852515
3.3	0	7032	6	0.000852515
3.4	1	7033	5	0.000710429
3.5	2	7035	3	0.000426257
3.6	0	7035	3	0.000426257
3.7	0	7035	3	0.000426257
3.8	0	7035	3	0.000426257
3.9	0	7035	3	0.000426257
4	0	7035	3	0.000426257
4.1	0	7035	3	0.000426257
4.2	0	7035	3	0.000426257
4.3	0	7035	3	0.000426257
4.4	0	7035	3	0.000426257
4.5	0	7035	3	0.000426257
4.6	0	7035	3	0.000426257
4.7	0	7035	3	0.000426257
4.8	1	7036	2	0.000284172
4.9	0	7036	2	0.000284172
5	0	7036	2	0.000284172
5.1	1	7037	1	0.000142086
5.2	0	7037	1	0.000142086
5.3	0	7037	1	0.000142086
5.4	0	7037	1	0.000142086
5.5	0	7037	1	0.000142086
5.6	0	7037	1	0.000142086
5.7	0	7037	1	0.000142086
5.8	0	7037	1	0.000142086
5.9	0	7037	1	0.000142086
6	0	7037	1	0.000142086
6.1	0	7037	1	0.000142086
6.2	0	7037	1	0.000142086
6.3	0	7037	1	0.000142086
6.4	0	7037	1	0.000142086
6.5	0	7037	1	0.000142086
6.6	1	7038	0	0
