#Pvalue	score_theor	score_LexA_peaks	NWD_LexA_peaks_vs_theor
1.0e+00	-32.2	-33	-0.0399999999999999
9.9e-01	-29.9	-30.7	-0.04
9.8e-01	-28.7	-29.5	-0.04
9.7e-01	-27.9	-28.6	-0.0350000000000001
9.6e-01	-27.2	-27.9	-0.035
9.5e-01	-26.6	-27.3	-0.035
9.4e-01	-26.1	-26.9	-0.0399999999999999
9.3e-01	-25.7	-26.4	-0.035
9.2e-01	-25.3	-26.1	-0.04
9.1e-01	-24.9	-25.7	-0.04
9.0e-01	-24.6	-25.3	-0.035
8.9e-01	-24.3	-25	-0.035
8.8e-01	-24	-24.7	-0.035
8.7e-01	-23.7	-24.4	-0.035
8.6e-01	-23.4	-24.2	-0.04
8.5e-01	-23.1	-23.9	-0.0399999999999999
8.4e-01	-22.9	-23.7	-0.04
8.3e-01	-22.7	-23.4	-0.035
8.2e-01	-22.4	-23.2	-0.04
8.1e-01	-22.2	-23	-0.04
8.0e-01	-22	-22.8	-0.04
7.9e-01	-21.8	-22.6	-0.04
7.8e-01	-21.6	-22.4	-0.0399999999999999
7.7e-01	-21.4	-22.2	-0.04
7.6e-01	-21.2	-22	-0.04
7.5e-01	-21	-21.8	-0.04
7.4e-01	-20.8	-21.6	-0.04
7.3e-01	-20.6	-21.4	-0.0399999999999999
7.2e-01	-20.4	-21.2	-0.04
7.1e-01	-20.3	-21	-0.035
7.0e-01	-20.1	-20.8	-0.035
6.9e-01	-19.9	-20.6	-0.0350000000000001
6.8e-01	-19.8	-20.4	-0.0299999999999999
6.7e-01	-19.6	-20.3	-0.035
6.6e-01	-19.4	-20.1	-0.0350000000000001
6.5e-01	-19.3	-19.9	-0.0299999999999999
6.4e-01	-19.1	-19.8	-0.035
6.3e-01	-18.9	-19.6	-0.0350000000000001
6.2e-01	-18.8	-19.4	-0.0299999999999999
6.1e-01	-18.6	-19.3	-0.035
6.0e-01	-18.4	-19.1	-0.0350000000000001
5.9e-01	-18.3	-19	-0.035
5.8e-01	-18.1	-18.8	-0.035
5.7e-01	-18	-18.6	-0.0300000000000001
5.6e-01	-17.8	-18.5	-0.035
5.5e-01	-17.7	-18.3	-0.0300000000000001
5.4e-01	-17.5	-18.2	-0.035
5.3e-01	-17.4	-18	-0.0300000000000001
5.2e-01	-17.2	-17.9	-0.035
5.1e-01	-17.1	-17.7	-0.0299999999999999
5.0e-01	-16.9	-17.6	-0.0350000000000001
4.9e-01	-16.7	-17.4	-0.035
4.8e-01	-16.6	-17.3	-0.035
4.7e-01	-16.4	-17.1	-0.0350000000000001
4.6e-01	-16.3	-16.9	-0.0299999999999999
4.5e-01	-16.1	-16.8	-0.035
4.4e-01	-15.9	-16.6	-0.0350000000000001
4.3e-01	-15.8	-16.4	-0.0299999999999999
4.2e-01	-15.6	-16.3	-0.0350000000000001
4.1e-01	-15.5	-16.1	-0.0300000000000001
4.0e-01	-15.3	-15.9	-0.03
3.9e-01	-15.2	-15.8	-0.0300000000000001
3.8e-01	-15	-15.6	-0.03
3.7e-01	-14.8	-15.4	-0.03
3.6e-01	-14.7	-15.2	-0.025
3.5e-01	-14.5	-15	-0.025
3.4e-01	-14.3	-14.8	-0.025
3.3e-01	-14.2	-14.7	-0.025
3.2e-01	-14	-14.5	-0.025
3.1e-01	-13.8	-14.3	-0.025
3.0e-01	-13.6	-14.1	-0.025
2.9e-01	-13.4	-14	-0.03
2.8e-01	-13.2	-13.8	-0.0300000000000001
2.7e-01	-13.1	-13.6	-0.025
2.6e-01	-12.9	-13.4	-0.025
2.5e-01	-12.7	-13.2	-0.025
2.4e-01	-12.5	-13	-0.025
2.3e-01	-12.3	-12.7	-0.0199999999999999
2.2e-01	-12.1	-12.5	-0.02
2.1e-01	-11.8	-12.3	-0.025
2.0e-01	-11.6	-12	-0.02
1.9e-01	-11.4	-11.7	-0.0149999999999999
1.8e-01	-11.1	-11.5	-0.02
1.7e-01	-10.9	-11.3	-0.02
1.6e-01	-10.6	-11	-0.02
1.5e-01	-10.4	-10.8	-0.02
1.4e-01	-10.1	-10.5	-0.02
1.3e-01	-9.8	-10.1	-0.0149999999999999
1.2e-01	-9.5	-9.9	-0.02
1.1e-01	-9.1	-9.5	-0.02
1.0e-01	-8.9	-9.3	-0.02
9.7e-02	-8.8	-9.1	-0.0149999999999999
9.2e-02	-8.6	-8.9	-0.015
7.9e-02	-8.1	-8.3	-0.0100000000000001
7.3e-02	-7.8	-8	-0.01
7.1e-02	-7.7	-7.9	-0.01
6.7e-02	-7.5	-7.7	-0.01
6.3e-02	-7.3	-7.5	-0.01
6.1e-02	-7.2	-7.4	-0.01
5.9e-02	-7.1	-7.3	-0.01
5.7e-02	-7	-7.1	-0.00499999999999998
5.5e-02	-6.9	-7	-0.00499999999999998
5.3e-02	-6.8	-6.9	-0.00500000000000003
5.2e-02	-6.7	-6.8	-0.00499999999999998
5.0e-02	-6.6	-6.7	-0.00500000000000003
4.7e-02	-6.4	-6.5	-0.00499999999999998
4.5e-02	-6.3	-6.4	-0.00500000000000003
4.2e-02	-6.1	-6.2	-0.00500000000000003
4.1e-02	-6	-6.1	-0.00499999999999998
3.8e-02	-5.8	-5.9	-0.00500000000000003
3.7e-02	-5.7	-5.8	-0.00499999999999998
3.6e-02	-5.6	-5.7	-0.00500000000000003
3.4e-02	-5.5	-5.5	0
3.3e-02	-5.4	-5.4	0
3.2e-02	-5.3	-5.3	0
3.1e-02	-5.2	-5.2	0
3.0e-02	-5.1	-5.1	0
2.9e-02	-5	-5	0
2.8e-02	-4.9	-4.9	0
2.7e-02	-4.8	-4.7	0.00499999999999998
2.5e-02	-4.6	-4.6	0
2.4e-02	-4.5	-4.4	0.00499999999999998
2.3e-02	-4.4	-4.3	0.00500000000000003
2.2e-02	-4.3	-4.2	0.00499999999999998
2.1e-02	-4.1	-4	0.00499999999999998
2.0e-02	-4	-3.9	0.005
1.9e-02	-3.9	-3.8	0.005
1.8e-02	-3.7	-3.6	0.005
1.7e-02	-3.6	-3.4	0.01
1.6e-02	-3.4	-3.2	0.00999999999999999
1.5e-02	-3.3	-3	0.015
1.4e-02	-3.1	-2.7	0.02
1.3e-02	-2.9	-2.6	0.015
1.2e-02	-2.7	-2.5	0.01
1.1e-02	-2.5	-2.2	0.015
1.0e-02	-2.4	-2	0.02
9.1e-03	-2.1	-1.7	0.02
8.8e-03	-2	-1.6	0.02
8.0e-03	-1.8	-1.4	0.02
7.3e-03	-1.6	-1.1	0.025
7.0e-03	-1.5	-1	0.025
6.1e-03	-1.2	-0.5	0.035
5.9e-03	-1.1	-0.4	0.035
5.4e-03	-0.9	-0.2	0.035
4.9e-03	-0.7	0.1	0.04
4.4e-03	-0.5	0.5	0.05
3.7e-03	-0.1	0.9	0.05
3.5e-03	0	1	0.05
3.2e-03	0.2	1.6	0.07
3.0e-03	0.3	1.9	0.08
2.9e-03	0.4	2	0.08
2.6e-03	0.6	2.4	0.09
2.5e-03	0.7	2.6	0.095
2.3e-03	0.8	3	0.11
2.2e-03	0.9	3.2	0.115
2.1e-03	1	3.3	0.115
2.0e-03	1.1	4.1	0.15
1.9e-03	1.2	4.5	0.165
1.8e-03	1.3	4.8	0.175
1.7e-03	1.4	5.7	0.215
1.5e-03	1.7	7.5	0.29
1.4e-03	1.8	9.3	0.375
1.3e-03	1.9	9.7	0.39
1.2e-03	2.1	10.4	0.415
1.1e-03	2.3	10.7	0.42
1.0e-03	2.4	11.2	0.44
7.6e-04	2.9	13.2	0.515
3.5e-04	4.2	15.3	0.555
2.1e-04	5	16.4	0.57
1.4e-04	5.6	17	0.57
