#score	occ	co	cco	dCDF
-37.6	1	1	14477	0.999931
-37.5	0	1	14477	0.999931
-37.4	0	1	14477	0.999931
-37.3	0	1	14477	0.999931
-37.2	0	1	14477	0.999931
-37.1	0	1	14477	0.999931
-37	2	3	14475	0.999793
-36.9	0	3	14475	0.999793
-36.8	1	4	14474	0.999724
-36.7	0	4	14474	0.999724
-36.6	0	4	14474	0.999724
-36.5	1	5	14473	0.999655
-36.4	0	5	14473	0.999655
-36.3	0	5	14473	0.999655
-36.2	2	7	14471	0.999517
-36.1	1	8	14470	0.999447
-36	1	9	14469	0.999378
-35.9	1	10	14468	0.999309
-35.8	2	12	14466	0.999171
-35.7	0	12	14466	0.999171
-35.6	0	12	14466	0.999171
-35.5	0	12	14466	0.999171
-35.4	1	13	14465	0.999102
-35.3	3	16	14462	0.998895
-35.2	2	18	14460	0.998757
-35.1	2	20	14458	0.998619
-35	1	21	14457	0.99855
-34.9	0	21	14457	0.99855
-34.8	1	22	14456	0.99848
-34.7	1	23	14455	0.998411
-34.6	2	25	14453	0.998273
-34.5	1	26	14452	0.998204
-34.4	1	27	14451	0.998135
-34.3	2	29	14449	0.997997
-34.2	4	33	14445	0.997721
-34.1	0	33	14445	0.997721
-34	1	34	14444	0.997652
-33.9	2	36	14442	0.997513
-33.8	5	41	14437	0.997168
-33.7	2	43	14435	0.99703
-33.6	3	46	14432	0.996823
-33.5	4	50	14428	0.996546
-33.4	5	55	14423	0.996201
-33.3	5	60	14418	0.995856
-33.2	2	62	14416	0.995718
-33.1	3	65	14413	0.99551
-33	4	69	14409	0.995234
-32.9	4	73	14405	0.994958
-32.8	2	75	14403	0.99482
-32.7	4	79	14399	0.994543
-32.6	5	84	14394	0.994198
-32.5	8	92	14386	0.993646
-32.4	5	97	14381	0.9933
-32.3	4	101	14377	0.993024
-32.2	5	106	14372	0.992679
-32.1	6	112	14366	0.992264
-32	3	115	14363	0.992057
-31.9	7	122	14356	0.991573
-31.8	11	133	14345	0.990814
-31.7	3	136	14342	0.990606
-31.6	4	140	14338	0.99033
-31.5	11	151	14327	0.98957
-31.4	11	162	14316	0.988811
-31.3	7	169	14309	0.988327
-31.2	7	176	14302	0.987844
-31.1	7	183	14295	0.98736
-31	7	190	14288	0.986877
-30.9	7	197	14281	0.986393
-30.8	5	202	14276	0.986048
-30.7	8	210	14268	0.985495
-30.6	13	223	14255	0.984597
-30.5	13	236	14242	0.983699
-30.4	10	246	14232	0.983009
-30.3	18	264	14214	0.981765
-30.2	7	271	14207	0.981282
-30.1	16	287	14191	0.980177
-30	11	298	14180	0.979417
-29.9	8	306	14172	0.978864
-29.8	9	315	14163	0.978243
-29.7	17	332	14146	0.977069
-29.6	11	343	14135	0.976309
-29.5	16	359	14119	0.975204
-29.4	10	369	14109	0.974513
-29.3	11	380	14098	0.973753
-29.2	22	402	14076	0.972234
-29.1	18	420	14058	0.97099
-29	16	436	14042	0.969885
-28.9	15	451	14027	0.968849
-28.8	16	467	14011	0.967744
-28.7	15	482	13996	0.966708
-28.6	8	490	13988	0.966156
-28.5	19	509	13969	0.964843
-28.4	18	527	13951	0.9636
-28.3	19	546	13932	0.962288
-28.2	21	567	13911	0.960837
-28.1	26	593	13885	0.959041
-28	27	620	13858	0.957176
-27.9	19	639	13839	0.955864
-27.8	22	661	13817	0.954345
-27.7	23	684	13794	0.952756
-27.6	19	703	13775	0.951444
-27.5	21	724	13754	0.949993
-27.4	30	754	13724	0.947921
-27.3	35	789	13689	0.945504
-27.2	23	812	13666	0.943915
-27.1	33	845	13633	0.941636
-27	28	873	13605	0.939702
-26.9	26	899	13579	0.937906
-26.8	45	944	13534	0.934798
-26.7	25	969	13509	0.933071
-26.6	40	1009	13469	0.930308
-26.5	30	1039	13439	0.928236
-26.4	38	1077	13401	0.925611
-26.3	32	1109	13369	0.923401
-26.2	38	1147	13331	0.920776
-26.1	44	1191	13287	0.917737
-26	46	1237	13241	0.91456
-25.9	46	1283	13195	0.911383
-25.8	42	1325	13153	0.908482
-25.7	31	1356	13122	0.906341
-25.6	36	1392	13086	0.903854
-25.5	43	1435	13043	0.900884
-25.4	36	1471	13007	0.898398
-25.3	44	1515	12963	0.895358
-25.2	30	1545	12933	0.893286
-25.1	35	1580	12898	0.890869
-25	44	1624	12854	0.88783
-24.9	57	1681	12797	0.883893
-24.8	52	1733	12745	0.880301
-24.7	49	1782	12696	0.876917
-24.6	44	1826	12652	0.873878
-24.5	51	1877	12601	0.870355
-24.4	57	1934	12544	0.866418
-24.3	58	1992	12486	0.862412
-24.2	54	2046	12432	0.858682
-24.1	66	2112	12366	0.854123
-24	59	2171	12307	0.850048
-23.9	50	2221	12257	0.846595
-23.8	55	2276	12202	0.842796
-23.7	68	2344	12134	0.838099
-23.6	61	2405	12073	0.833886
-23.5	52	2457	12021	0.830294
-23.4	44	2501	11977	0.827255
-23.3	70	2571	11907	0.82242
-23.2	71	2642	11836	0.817516
-23.1	83	2725	11753	0.811783
-23	64	2789	11689	0.807363
-22.9	62	2851	11627	0.803081
-22.8	71	2922	11556	0.798177
-22.7	65	2987	11491	0.793687
-22.6	65	3052	11426	0.789197
-22.5	76	3128	11350	0.783948
-22.4	69	3197	11281	0.779182
-22.3	64	3261	11217	0.774762
-22.2	78	3339	11139	0.769374
-22.1	85	3424	11054	0.763503
-22	70	3494	10984	0.758668
-21.9	67	3561	10917	0.754041
-21.8	88	3649	10829	0.747962
-21.7	71	3720	10758	0.743058
-21.6	64	3784	10694	0.738638
-21.5	66	3850	10628	0.734079
-21.4	85	3935	10543	0.728208
-21.3	77	4012	10466	0.72289
-21.2	76	4088	10390	0.717641
-21.1	65	4153	10325	0.713151
-21	83	4236	10242	0.707418
-20.9	78	4314	10164	0.702031
-20.8	67	4381	10097	0.697403
-20.7	62	4443	10035	0.693121
-20.6	76	4519	9959	0.687871
-20.5	87	4606	9872	0.681862
-20.4	87	4693	9785	0.675853
-20.3	82	4775	9703	0.670189
-20.2	86	4861	9617	0.664249
-20.1	103	4964	9514	0.657135
-20	79	5043	9435	0.651678
-19.9	86	5129	9349	0.645738
-19.8	76	5205	9273	0.640489
-19.7	95	5300	9178	0.633927
-19.6	75	5375	9103	0.628747
-19.5	89	5464	9014	0.6226
-19.4	86	5550	8928	0.61666
-19.3	98	5648	8830	0.609891
-19.2	98	5746	8732	0.603122
-19.1	102	5848	8630	0.596077
-19	84	5932	8546	0.590275
-18.9	101	6033	8445	0.583299
-18.8	82	6115	8363	0.577635
-18.7	76	6191	8287	0.572386
-18.6	96	6287	8191	0.565755
-18.5	87	6374	8104	0.559746
-18.4	104	6478	8000	0.552563
-18.3	99	6577	7901	0.545725
-18.2	96	6673	7805	0.539094
-18.1	86	6759	7719	0.533154
-18	96	6855	7623	0.526523
-17.9	93	6948	7530	0.520099
-17.8	88	7036	7442	0.514021
-17.7	112	7148	7330	0.506285
-17.6	88	7236	7242	0.500207
-17.5	110	7346	7132	0.492609
-17.4	94	7440	7038	0.486117
-17.3	97	7537	6941	0.479417
-17.2	83	7620	6858	0.473684
-17.1	89	7709	6769	0.467537
-17	88	7797	6681	0.461459
-16.9	81	7878	6600	0.455864
-16.8	99	7977	6501	0.449026
-16.7	81	8058	6420	0.443431
-16.6	84	8142	6336	0.43763
-16.5	105	8247	6231	0.430377
-16.4	70	8317	6161	0.425542
-16.3	99	8416	6062	0.418704
-16.2	75	8491	5987	0.413524
-16.1	73	8564	5914	0.408482
-16	83	8647	5831	0.402749
-15.9	75	8722	5756	0.397569
-15.8	106	8828	5650	0.390247
-15.7	88	8916	5562	0.384169
-15.6	76	8992	5486	0.37892
-15.5	95	9087	5391	0.372358
-15.4	75	9162	5316	0.367178
-15.3	83	9245	5233	0.361445
-15.2	80	9325	5153	0.355919
-15.1	71	9396	5082	0.351015
-15	83	9479	4999	0.345282
-14.9	69	9548	4930	0.340517
-14.8	75	9623	4855	0.335336
-14.7	84	9707	4771	0.329534
-14.6	88	9795	4683	0.323456
-14.5	86	9881	4597	0.317516
-14.4	72	9953	4525	0.312543
-14.3	90	10043	4435	0.306327
-14.2	85	10128	4350	0.300456
-14.1	78	10206	4272	0.295068
-14	79	10285	4193	0.289612
-13.9	89	10374	4104	0.283465
-13.8	74	10448	4030	0.278353
-13.7	62	10510	3968	0.274071
-13.6	79	10589	3889	0.268614
-13.5	71	10660	3818	0.26371
-13.4	63	10723	3755	0.259359
-13.3	71	10794	3684	0.254455
-13.2	73	10867	3611	0.249413
-13.1	66	10933	3545	0.244854
-13	64	10997	3481	0.240434
-12.9	79	11076	3402	0.234977
-12.8	59	11135	3343	0.230902
-12.7	53	11188	3290	0.227241
-12.6	76	11264	3214	0.221992
-12.5	66	11330	3148	0.217433
-12.4	51	11381	3097	0.213911
-12.3	60	11441	3037	0.209767
-12.2	72	11513	2965	0.204793
-12.1	67	11580	2898	0.200166
-12	41	11621	2857	0.197334
-11.9	58	11679	2799	0.193328
-11.8	55	11734	2744	0.189529
-11.7	64	11798	2680	0.185108
-11.6	63	11861	2617	0.180757
-11.5	58	11919	2559	0.176751
-11.4	64	11983	2495	0.17233
-11.3	56	12039	2439	0.168462
-11.2	52	12091	2387	0.164871
-11.1	58	12149	2329	0.160865
-11	61	12210	2268	0.156651
-10.9	54	12264	2214	0.152922
-10.8	58	12322	2156	0.148916
-10.7	65	12387	2091	0.144426
-10.6	48	12435	2043	0.141111
-10.5	42	12477	2001	0.13821
-10.4	51	12528	1950	0.134687
-10.3	51	12579	1899	0.131165
-10.2	35	12614	1864	0.128747
-10.1	50	12664	1814	0.125294
-10	49	12713	1765	0.121909
-9.9	50	12763	1715	0.118456
-9.8	56	12819	1659	0.114588
-9.7	38	12857	1621	0.111963
-9.6	40	12897	1581	0.1092
-9.5	42	12939	1539	0.106299
-9.4	37	12976	1502	0.103744
-9.3	30	13006	1472	0.101672
-9.2	34	13040	1438	0.0993231
-9.1	32	13072	1406	0.0971129
-9	39	13111	1367	0.0944191
-8.9	31	13142	1336	0.0922779
-8.8	27	13169	1309	0.090413
-8.7	41	13210	1268	0.0875812
-8.6	27	13237	1241	0.0857163
-8.5	28	13265	1213	0.0837823
-8.4	39	13304	1174	0.0810885
-8.3	36	13340	1138	0.078602
-8.2	32	13372	1106	0.0763918
-8.1	29	13401	1077	0.0743887
-8	18	13419	1059	0.0731455
-7.9	25	13444	1034	0.0714187
-7.8	33	13477	1001	0.0691394
-7.7	33	13510	968	0.0668601
-7.6	27	13537	941	0.0649952
-7.5	29	13566	912	0.0629921
-7.4	25	13591	887	0.0612654
-7.3	30	13621	857	0.0591933
-7.2	18	13639	839	0.05795
-7.1	19	13658	820	0.0566377
-7	20	13678	800	0.0552563
-6.9	27	13705	773	0.0533914
-6.8	24	13729	749	0.0517337
-6.7	19	13748	730	0.0504213
-6.6	18	13766	712	0.0491781
-6.5	27	13793	685	0.0473132
-6.4	33	13826	652	0.0450338
-6.3	23	13849	629	0.0434452
-6.2	16	13865	613	0.0423401
-6.1	17	13882	596	0.0411659
-6	13	13895	583	0.040268
-5.9	27	13922	556	0.0384031
-5.8	15	13937	541	0.037367
-5.7	16	13953	525	0.0362619
-5.6	15	13968	510	0.0352259
-5.5	14	13982	496	0.0342589
-5.4	12	13994	484	0.03343
-5.3	20	14014	464	0.0320486
-5.2	16	14030	448	0.0309435
-5.1	16	14046	432	0.0298384
-5	11	14057	421	0.0290786
-4.9	15	14072	406	0.0280425
-4.8	14	14086	392	0.0270756
-4.7	7	14093	385	0.0265921
-4.6	17	14110	368	0.0254179
-4.5	16	14126	352	0.0243128
-4.4	9	14135	343	0.0236911
-4.3	12	14147	331	0.0228623
-4.2	11	14158	320	0.0221025
-4.1	13	14171	307	0.0212046
-4	5	14176	302	0.0208592
-3.9	11	14187	291	0.0200995
-3.8	16	14203	275	0.0189943
-3.7	9	14212	266	0.0183727
-3.6	2	14214	264	0.0182346
-3.5	14	14228	250	0.0172676
-3.4	7	14235	243	0.0167841
-3.3	9	14244	234	0.0161625
-3.2	7	14251	227	0.015679
-3.1	9	14260	218	0.0150573
-3	3	14263	215	0.0148501
-2.9	8	14271	207	0.0142976
-2.8	3	14274	204	0.0140903
-2.7	7	14281	197	0.0136069
-2.6	10	14291	187	0.0129161
-2.5	12	14303	175	0.0120873
-2.4	11	14314	164	0.0113275
-2.3	7	14321	157	0.010844
-2.2	3	14324	154	0.0106368
-2.1	2	14326	152	0.0104987
-2	4	14330	148	0.0102224
-1.9	6	14336	142	0.00980798
-1.8	6	14342	136	0.00939356
-1.7	4	14346	132	0.00911728
-1.6	5	14351	127	0.00877193
-1.5	7	14358	120	0.00828844
-1.4	4	14362	116	0.00801216
-1.3	3	14365	113	0.00780495
-1.2	6	14371	107	0.00739052
-1.1	2	14373	105	0.00725238
-1	3	14376	102	0.00704517
-0.9	7	14383	95	0.00656168
-0.8	1	14384	94	0.00649261
-0.7	3	14387	91	0.0062854
-0.6	2	14389	89	0.00614726
-0.5	1	14390	88	0.00607819
-0.4	2	14392	86	0.00594005
-0.3	7	14399	79	0.00545655
-0.2	1	14400	78	0.00538748
-0.1	5	14405	73	0.00504213
0	2	14407	71	0.00490399
0.1	0	14407	71	0.00490399
0.2	1	14408	70	0.00483492
0.3	2	14410	68	0.00469678
0.4	3	14413	65	0.00448957
0.5	2	14415	63	0.00435143
0.6	4	14419	59	0.00407515
0.7	0	14419	59	0.00407515
0.8	3	14422	56	0.00386794
0.9	3	14425	53	0.00366073
1	3	14428	50	0.00345352
1.1	3	14431	47	0.0032463
1.2	0	14431	47	0.0032463
1.3	1	14432	46	0.00317723
1.4	0	14432	46	0.00317723
1.5	0	14432	46	0.00317723
1.6	0	14432	46	0.00317723
1.7	2	14434	44	0.00303909
1.8	0	14434	44	0.00303909
1.9	0	14434	44	0.00303909
2	2	14436	42	0.00290095
2.1	2	14438	40	0.00276281
2.2	2	14440	38	0.00262467
2.3	0	14440	38	0.00262467
2.4	1	14441	37	0.0025556
2.5	1	14442	36	0.00248653
2.6	0	14442	36	0.00248653
2.7	1	14443	35	0.00241746
2.8	1	14444	34	0.00234839
2.9	0	14444	34	0.00234839
3	0	14444	34	0.00234839
3.1	2	14446	32	0.00221025
3.2	0	14446	32	0.00221025
3.3	2	14448	30	0.00207211
3.4	1	14449	29	0.00200304
3.5	0	14449	29	0.00200304
3.6	0	14449	29	0.00200304
3.7	0	14449	29	0.00200304
3.8	0	14449	29	0.00200304
3.9	0	14449	29	0.00200304
4	0	14449	29	0.00200304
4.1	0	14449	29	0.00200304
4.2	1	14450	28	0.00193397
4.3	0	14450	28	0.00193397
4.4	0	14450	28	0.00193397
4.5	0	14450	28	0.00193397
4.6	2	14452	26	0.00179583
4.7	0	14452	26	0.00179583
4.8	0	14452	26	0.00179583
4.9	1	14453	25	0.00172676
5	0	14453	25	0.00172676
5.1	0	14453	25	0.00172676
5.2	0	14453	25	0.00172676
5.3	0	14453	25	0.00172676
5.4	0	14453	25	0.00172676
5.5	0	14453	25	0.00172676
5.6	1	14454	24	0.00165769
5.7	0	14454	24	0.00165769
5.8	2	14456	22	0.00151955
5.9	0	14456	22	0.00151955
6	0	14456	22	0.00151955
6.1	0	14456	22	0.00151955
6.2	0	14456	22	0.00151955
6.3	0	14456	22	0.00151955
6.4	0	14456	22	0.00151955
6.5	0	14456	22	0.00151955
6.6	0	14456	22	0.00151955
6.7	0	14456	22	0.00151955
6.8	0	14456	22	0.00151955
6.9	1	14457	21	0.00145048
7	0	14457	21	0.00145048
7.1	0	14457	21	0.00145048
7.2	0	14457	21	0.00145048
7.3	0	14457	21	0.00145048
7.4	0	14457	21	0.00145048
7.5	0	14457	21	0.00145048
7.6	1	14458	20	0.00138141
7.7	0	14458	20	0.00138141
7.8	0	14458	20	0.00138141
7.9	0	14458	20	0.00138141
8	0	14458	20	0.00138141
8.1	0	14458	20	0.00138141
8.2	0	14458	20	0.00138141
8.3	0	14458	20	0.00138141
8.4	0	14458	20	0.00138141
8.5	0	14458	20	0.00138141
8.6	0	14458	20	0.00138141
8.7	0	14458	20	0.00138141
8.8	0	14458	20	0.00138141
8.9	0	14458	20	0.00138141
9	0	14458	20	0.00138141
9.1	0	14458	20	0.00138141
9.2	0	14458	20	0.00138141
9.3	0	14458	20	0.00138141
9.4	1	14459	19	0.00131234
9.5	0	14459	19	0.00131234
9.6	0	14459	19	0.00131234
9.7	0	14459	19	0.00131234
9.8	1	14460	18	0.00124327
9.9	0	14460	18	0.00124327
10	0	14460	18	0.00124327
10.1	0	14460	18	0.00124327
10.2	1	14461	17	0.0011742
10.3	0	14461	17	0.0011742
10.4	0	14461	17	0.0011742
10.5	1	14462	16	0.00110513
10.6	0	14462	16	0.00110513
10.7	0	14462	16	0.00110513
10.8	1	14463	15	0.00103605
10.9	0	14463	15	0.00103605
11	0	14463	15	0.00103605
11.1	0	14463	15	0.00103605
11.2	0	14463	15	0.00103605
11.3	1	14464	14	0.000966984
11.4	0	14464	14	0.000966984
11.5	0	14464	14	0.000966984
11.6	0	14464	14	0.000966984
11.7	1	14465	13	0.000897914
11.8	0	14465	13	0.000897914
11.9	0	14465	13	0.000897914
12	0	14465	13	0.000897914
12.1	1	14466	12	0.000828844
12.2	0	14466	12	0.000828844
12.3	1	14467	11	0.000759773
12.4	0	14467	11	0.000759773
12.5	0	14467	11	0.000759773
12.6	0	14467	11	0.000759773
12.7	0	14467	11	0.000759773
12.8	0	14467	11	0.000759773
12.9	0	14467	11	0.000759773
13	0	14467	11	0.000759773
13.1	0	14467	11	0.000759773
13.2	0	14467	11	0.000759773
13.3	1	14468	10	0.000690703
13.4	0	14468	10	0.000690703
13.5	0	14468	10	0.000690703
13.6	1	14469	9	0.000621633
13.7	0	14469	9	0.000621633
13.8	1	14470	8	0.000552563
13.9	1	14471	7	0.000483492
14	0	14471	7	0.000483492
14.1	0	14471	7	0.000483492
14.2	0	14471	7	0.000483492
14.3	1	14472	6	0.000414422
14.4	0	14472	6	0.000414422
14.5	0	14472	6	0.000414422
14.6	0	14472	6	0.000414422
14.7	0	14472	6	0.000414422
14.8	1	14473	5	0.000345352
14.9	0	14473	5	0.000345352
15	0	14473	5	0.000345352
15.1	0	14473	5	0.000345352
15.2	0	14473	5	0.000345352
15.3	0	14473	5	0.000345352
15.4	1	14474	4	0.000276281
15.5	0	14474	4	0.000276281
15.6	1	14475	3	0.000207211
15.7	0	14475	3	0.000207211
15.8	0	14475	3	0.000207211
15.9	0	14475	3	0.000207211
16	0	14475	3	0.000207211
16.1	0	14475	3	0.000207211
16.2	0	14475	3	0.000207211
16.3	0	14475	3	0.000207211
16.4	0	14475	3	0.000207211
16.5	1	14476	2	0.000138141
16.6	0	14476	2	0.000138141
16.7	0	14476	2	0.000138141
16.8	0	14476	2	0.000138141
16.9	0	14476	2	0.000138141
17	0	14476	2	0.000138141
17.1	1	14477	1	6.90703E-05
17.2	0	14477	1	6.90703E-05
17.3	0	14477	1	6.90703E-05
17.4	0	14477	1	6.90703E-05
17.5	0	14477	1	6.90703E-05
17.6	0	14477	1	6.90703E-05
17.7	0	14477	1	6.90703E-05
17.8	0	14477	1	6.90703E-05
17.9	0	14477	1	6.90703E-05
18	0	14477	1	6.90703E-05
18.1	0	14477	1	6.90703E-05
18.2	0	14477	1	6.90703E-05
18.3	1	14478	0	0
